start, 2012-12-03 21:13:30.551, 30
timestamp, sec, x, y, z, m11, m12, m13, m21, m22, m23, m31, m32, m33, heading, heading_acc
2012-12-03 21:13:30.570, 0.000000, 0.015533, -0.040253, -0.998199, 0.998061, -0.056160, -0.026833, 0.056831, 0.998072, 0.024946, 0.025381, -0.026422, 0.999329, 301.409088, 26.000000
2012-12-03 21:13:30.573, 0.034729, 0.017502, -0.041199, -1.003098, 0.998061, -0.056160, -0.026833, 0.056831, 0.998072, 0.024946, 0.025381, -0.026422, 0.999329, 301.409088, 26.000000
2012-12-03 21:13:30.575, 0.068199, -0.005966, -0.011383, -1.033096, 0.998061, -0.056160, -0.026833, 0.056831, 0.998072, 0.024946, 0.025381, -0.026422, 0.999329, 301.409088, 26.000000
2012-12-03 21:13:30.577, 0.105713, 0.012634, -0.012054, -1.042709, 0.998061, -0.056160, -0.026833, 0.056831, 0.998072, 0.024946, 0.025381, -0.026422, 0.999329, 301.409088, 26.000000
2012-12-03 21:13:30.579, 0.143201, 0.014755, -0.031464, -1.002167, 0.998061, -0.056160, -0.026833, 0.056831, 0.998072, 0.024946, 0.025381, -0.026422, 0.999329, 301.409088, 26.000000
2012-12-03 21:13:30.583, 0.179416, -0.007996, -0.007462, -1.016327, 0.998061, -0.056160, -0.026833, 0.056831, 0.998072, 0.024946, 0.025381, -0.026422, 0.999329, 301.409088, 26.000000
2012-12-03 21:13:30.585, 0.215771, -0.030960, -0.011673, -0.976135, 0.998061, -0.056160, -0.026833, 0.056831, 0.998072, 0.024946, 0.025381, -0.026422, 0.999329, 301.409088, 26.000000
2012-12-03 21:13:30.587, 0.253246, 0.003906, -0.024704, -0.975632, 0.998061, -0.056160, -0.026833, 0.056831, 0.998072, 0.024946, 0.025381, -0.026422, 0.999329, 301.409088, 26.000000
2012-12-03 21:13:30.589, 0.286308, -0.003906, -0.000565, -1.022232, 0.998061, -0.056160, -0.026833, 0.056831, 0.998072, 0.024946, 0.025381, -0.026422, 0.999329, 301.409088, 26.000000
2012-12-03 21:13:30.602, 0.317491, -0.000259, -0.012222, -1.020157, 0.998061, -0.056160, -0.026833, 0.056831, 0.998072, 0.024946, 0.025381, -0.026422, 0.999329, 301.409088, 26.000000
2012-12-03 21:13:30.632, 0.348049, 0.001755, -0.010223, -1.022125, 0.998061, -0.056160, -0.026833, 0.056831, 0.998072, 0.024946, 0.025381, -0.026422, 0.999329, 301.409088, 26.000000
2012-12-03 21:13:30.663, 0.379385, -0.001389, -0.014160, -1.009323, 0.998061, -0.056160, -0.026833, 0.056831, 0.998072, 0.024946, 0.025381, -0.026422, 0.999329, 301.409088, 26.000000
2012-12-03 21:13:30.696, 0.412036, -0.001816, -0.026840, -0.990540, 0.998061, -0.056160, -0.026833, 0.056831, 0.998072, 0.024946, 0.025381, -0.026422, 0.999329, 301.409088, 26.000000
2012-12-03 21:13:30.728, 0.444199, 0.006073, -0.027710, -1.003265, 0.998061, -0.056160, -0.026833, 0.056831, 0.998072, 0.024946, 0.025381, -0.026422, 0.999329, 301.409088, 26.000000
2012-12-03 21:13:30.761, 0.476563, -0.016174, -0.022278, -1.010513, 0.998061, -0.056160, -0.026833, 0.056831, 0.998072, 0.024946, 0.025381, -0.026422, 0.999329, 301.409088, 26.000000
2012-12-03 21:13:30.792, 0.508083, -0.023743, -0.007721, -1.004700, 0.998061, -0.056160, -0.026833, 0.056831, 0.998072, 0.024946, 0.025381, -0.026422, 0.999329, 301.409088, 26.000000
2012-12-03 21:13:30.824, 0.539790, -0.004349, -0.015182, -1.007370, 0.998061, -0.056160, -0.026833, 0.056831, 0.998072, 0.024946, 0.025381, -0.026422, 0.999329, 301.409088, 26.000000
2012-12-03 21:13:30.856, 0.572083, -0.001221, -0.008286, -1.013275, 0.998061, -0.056160, -0.026833, 0.056831, 0.998072, 0.024946, 0.025381, -0.026422, 0.999329, 301.409088, 26.000000
2012-12-03 21:13:30.889, 0.604618, 0.006439, -0.016983, -1.018097, 0.998061, -0.056160, -0.026833, 0.056831, 0.998072, 0.024946, 0.025381, -0.026422, 0.999329, 301.409088, 26.000000
2012-12-03 21:13:30.922, 0.637908, -0.002579, -0.020996, -1.001419, 0.998061, -0.056160, -0.026833, 0.056831, 0.998072, 0.024946, 0.025381, -0.026422, 0.999329, 301.409088, 26.000000
2012-12-03 21:13:30.954, 0.669831, 0.016815, -0.027496, -1.005096, 0.998061, -0.056160, -0.026833, 0.056831, 0.998072, 0.024946, 0.025381, -0.026422, 0.999329, 301.409088, 26.000000
2012-12-03 21:13:30.986, 0.702378, -0.025223, -0.007919, -1.051163, 0.998061, -0.056160, -0.026833, 0.056831, 0.998072, 0.024946, 0.025381, -0.026422, 0.999329, 301.409088, 26.000000
2012-12-03 21:13:31.017, 0.733259, -0.024841, -0.016571, -1.011627, 0.998061, -0.056160, -0.026833, 0.056831, 0.998072, 0.024946, 0.025381, -0.026422, 0.999329, 301.409088, 26.000000
2012-12-03 21:13:31.049, 0.764997, -0.026962, -0.019516, -0.999802, 0.998061, -0.056160, -0.026833, 0.056831, 0.998072, 0.024946, 0.025381, -0.026422, 0.999329, 301.409088, 26.000000
2012-12-03 21:13:31.081, 0.796714, -0.030945, 0.000778, -1.049286, 0.998061, -0.056160, -0.026833, 0.056831, 0.998072, 0.024946, 0.025381, -0.026422, 0.999329, 301.409088, 26.000000
2012-12-03 21:13:31.113, 0.828557, -0.023590, 0.011581, -1.079819, 0.998061, -0.056160, -0.026833, 0.056831, 0.998072, 0.024946, 0.025381, -0.026422, 0.999329, 301.409088, 26.000000
2012-12-03 21:13:31.145, 0.861188, 0.028183, -0.063324, -0.943634, 0.998061, -0.056160, -0.026833, 0.056831, 0.998072, 0.024946, 0.025381, -0.026422, 0.999329, 301.409088, 26.000000
2012-12-03 21:13:31.177, 0.893272, 0.042999, -0.074951, -0.985916, 0.998061, -0.056160, -0.026833, 0.056831, 0.998072, 0.024946, 0.025381, -0.026422, 0.999329, 301.409088, 26.000000
2012-12-03 21:13:31.209, 0.924924, 0.037247, -0.077057, -0.997864, 0.998061, -0.056160, -0.026833, 0.056831, 0.998072, 0.024946, 0.025381, -0.026422, 0.999329, 301.409088, 26.000000
2012-12-03 21:13:31.241, 0.957278, 0.009872, -0.058838, -0.958725, 0.998061, -0.056160, -0.026833, 0.056831, 0.998072, 0.024946, 0.025381, -0.026422, 0.999329, 301.409088, 26.000000
2012-12-03 21:13:31.273, 0.989401, 0.018753, -0.061661, -0.973419, 0.998061, -0.056160, -0.026833, 0.056831, 0.998072, 0.024946, 0.025381, -0.026422, 0.999329, 301.409088, 26.000000
2012-12-03 21:13:31.305, 1.020751, -0.013321, 0.005051, -1.047058, 0.999995, 0.000403, 0.003148, -0.000404, 1.000000, 0.000332, -0.003148, -0.000334, 0.999995, 301.409088, 26.000000
2012-12-03 21:13:31.337, 1.052622, -0.001434, -0.024017, -1.024139, 0.999984, 0.004680, -0.003156, -0.004681, 0.999989, -0.000421, 0.003154, 0.000435, 0.999995, 301.409088, 26.000000
2012-12-03 21:13:31.369, 1.085352, -0.002884, -0.042618, -1.013290, 0.999985, 0.005292, -0.001081, -0.005294, 0.999983, -0.002584, 0.001067, 0.002590, 0.999996, 301.409088, 26.000000
2012-12-03 21:13:31.402, 1.117768, -0.020004, -0.025330, -1.024414, 0.999984, 0.005631, -0.000028, -0.005631, 0.999981, -0.002346, 0.000015, 0.002346, 0.999997, 301.409088, 26.000000
2012-12-03 21:13:31.434, 1.149904, -0.003616, -0.064072, -0.981659, 0.999970, 0.007752, 0.000320, -0.007751, 0.999963, -0.003677, -0.000348, 0.003674, 0.999993, 301.409088, 26.000000
2012-12-03 21:13:31.465, 1.181404, -0.036758, -0.002289, -1.061218, 0.999968, 0.007822, -0.001916, -0.007833, 0.999953, -0.005777, 0.001871, 0.005792, 0.999981, 301.409088, 26.000000
2012-12-03 21:13:31.498, 1.213871, -0.027695, 0.012573, -1.059128, 0.999952, 0.009238, -0.003217, -0.009255, 0.999943, -0.005252, 0.003169, 0.005281, 0.999981, 301.409088, 26.000000
2012-12-03 21:13:31.530, 1.246215, 0.000153, -0.026810, -0.993469, 0.999966, 0.008191, 0.000706, -0.008186, 0.999945, -0.006515, -0.000759, 0.006509, 0.999979, 301.409088, 26.000000
2012-12-03 21:13:31.562, 1.278345, 0.004364, -0.029800, -1.029984, 0.999989, 0.004211, 0.002147, -0.004209, 0.999991, -0.000735, -0.002150, 0.000726, 0.999997, 301.409088, 26.000000
2012-12-03 21:13:31.594, 1.309955, -0.002914, -0.034714, -0.994522, 0.999998, 0.001364, 0.001593, -0.001365, 0.999999, 0.000581, -0.001592, -0.000583, 0.999999, 301.409088, 26.000000
2012-12-03 21:13:31.626, 1.342278, 0.014908, -0.058792, -0.971512, 0.999999, -0.000830, -0.000609, 0.000834, 0.999978, 0.006549, 0.000604, -0.006549, 0.999978, 301.409088, 26.000000
2012-12-03 21:13:31.659, 1.374764, 0.003387, -0.029816, -1.029007, 0.999990, -0.004518, -0.000643, 0.004525, 0.999928, 0.011134, 0.000593, -0.011136, 0.999938, 301.409088, 26.000000
2012-12-03 21:13:31.690, 1.406471, 0.006027, -0.028671, -0.999329, 0.999976, -0.006189, -0.003143, 0.006228, 0.999901, 0.012617, 0.003065, -0.012637, 0.999915, 301.409088, 26.000000
2012-12-03 21:13:31.722, 1.438054, 0.001785, -0.046402, -1.001343, 0.999963, -0.007691, -0.003805, 0.007744, 0.999868, 0.014255, 0.003695, -0.014284, 0.999891, 301.409088, 26.000000
2012-12-03 21:13:31.754, 1.470276, 0.002716, -0.054245, -1.010223, 0.999950, -0.009544, -0.003085, 0.009593, 0.999822, 0.016247, 0.002930, -0.016276, 0.999863, 301.409088, 26.000000
2012-12-03 21:13:31.787, 1.502643, 0.000916, -0.046448, -1.010254, 0.999950, -0.009544, -0.003085, 0.009593, 0.999822, 0.016247, 0.002930, -0.016276, 0.999863, 301.409088, 26.000000
2012-12-03 21:13:31.819, 1.534707, -0.016602, -0.012604, -1.045120, 0.999930, -0.010250, -0.005934, 0.010396, 0.999630, 0.025153, 0.005674, -0.025213, 0.999666, 301.409088, 26.000000
2012-12-03 21:13:31.850, 1.565991, 0.003159, -0.037628, -1.021103, 0.999936, -0.010378, -0.004591, 0.010485, 0.999657, 0.024016, 0.004340, -0.024062, 0.999701, 288.591125, 25.000000
2012-12-03 21:13:31.884, 1.599614, 0.009415, -0.056061, -1.002213, 0.999936, -0.010378, -0.004591, 0.010485, 0.999657, 0.024016, 0.004340, -0.024062, 0.999701, 288.591125, 25.000000
2012-12-03 21:13:31.915, 1.631170, 0.000854, -0.049393, -1.010254, 0.999884, -0.014179, -0.005578, 0.014329, 0.999507, 0.027923, 0.005180, -0.028000, 0.999595, 288.591125, 25.000000
2012-12-03 21:13:31.947, 1.662835, 0.001846, -0.044449, -1.002335, 0.999874, -0.014651, -0.006093, 0.014836, 0.999395, 0.031472, 0.005629, -0.031558, 0.999486, 288.591125, 25.000000
2012-12-03 21:13:31.977, 1.693509, 0.017776, -0.040298, -1.028793, 0.999874, -0.014651, -0.006093, 0.014836, 0.999395, 0.031472, 0.005629, -0.031558, 0.999486, 288.591125, 25.000000
2012-12-03 21:13:32.010, 1.725944, -0.002869, -0.036713, -1.003387, 0.999855, -0.016104, -0.005543, 0.016278, 0.999326, 0.032914, 0.005009, -0.032999, 0.999443, 288.591125, 25.000000
2012-12-03 21:13:32.042, 1.758256, -0.017380, -0.032074, -1.005585, 0.999847, -0.016153, -0.006733, 0.016382, 0.999234, 0.035530, 0.006154, -0.035635, 0.999346, 288.591125, 25.000000
2012-12-03 21:13:32.074, 1.790407, 0.006180, -0.038605, -1.034882, 0.999847, -0.016153, -0.006733, 0.016382, 0.999234, 0.035530, 0.006154, -0.035635, 0.999346, 288.591125, 25.000000
2012-12-03 21:13:32.107, 1.823152, 0.008682, -0.040359, -0.996323, 0.999853, -0.016569, -0.004463, 0.016714, 0.999260, 0.034646, 0.003885, -0.034715, 0.999390, 288.591125, 25.000000
2012-12-03 21:13:32.140, 1.855698, 0.023392, -0.039139, -1.003006, 0.999823, -0.017456, -0.007066, 0.017703, 0.999174, 0.036585, 0.006421, -0.036704, 0.999306, 288.591125, 25.000000
2012-12-03 21:13:32.171, 1.886934, 0.018616, -0.038269, -1.010010, 0.999796, -0.018791, -0.007381, 0.019057, 0.999101, 0.037875, 0.006663, -0.038008, 0.999255, 288.591125, 25.000000
2012-12-03 21:13:32.203, 1.918893, 0.015381, -0.047104, -0.996231, 0.999775, -0.019574, -0.008178, 0.019867, 0.999101, 0.037463, 0.007437, -0.037617, 0.999265, 288.591125, 25.000000
2012-12-03 21:13:32.235, 1.950581, 0.001648, -0.050293, -0.995422, 0.999752, -0.020162, -0.009501, 0.020510, 0.999064, 0.038085, 0.008724, -0.038270, 0.999229, 288.591125, 25.000000
2012-12-03 21:13:32.267, 1.982979, 0.000092, -0.032715, -0.999405, 0.999747, -0.020261, -0.009811, 0.020629, 0.999026, 0.039015, 0.009011, -0.039207, 0.999190, 288.591125, 25.000000
2012-12-03 21:13:32.299, 2.014710, -0.031433, 0.021317, -1.056213, 0.999759, -0.019474, -0.010129, 0.019864, 0.999002, 0.040015, 0.009339, -0.040206, 0.999148, 288.591125, 25.000000
2012-12-03 21:13:32.331, 2.047047, 0.010834, -0.034500, -1.007141, 0.999791, -0.018210, -0.009278, 0.018544, 0.999129, 0.037381, 0.008589, -0.037545, 0.999258, 288.591125, 25.000000
2012-12-03 21:13:32.363, 2.079032, 0.012283, -0.047104, -0.981445, 0.999785, -0.018688, -0.008945, 0.019004, 0.999146, 0.036697, 0.008251, -0.036859, 0.999286, 288.591125, 25.000000
2012-12-03 21:13:32.396, 2.111557, 0.022324, -0.045044, -1.002045, 0.999712, -0.021321, -0.010983, 0.021735, 0.999000, 0.039071, 0.010139, -0.039298, 0.999176, 288.591125, 25.000000
2012-12-03 21:13:32.427, 2.143203, 0.035889, -0.050659, -1.004807, 0.999670, -0.023324, -0.010760, 0.023722, 0.998978, 0.038465, 0.009852, -0.038707, 0.999202, 288.591125, 25.000000
2012-12-03 21:13:32.459, 2.175308, 0.032867, -0.048721, -0.992996, 0.999613, -0.025532, -0.011051, 0.025941, 0.998917, 0.038630, 0.010053, -0.038902, 0.999192, 288.591125, 25.000000
2012-12-03 21:13:32.491, 2.207252, 0.013977, -0.023651, -1.005127, 0.999562, -0.026424, -0.013294, 0.026926, 0.998872, 0.039120, 0.012245, -0.039461, 0.999146, 288.591125, 25.000000
2012-12-03 21:13:32.523, 2.239429, 0.009171, -0.024734, -1.014099, 0.999557, -0.026160, -0.014215, 0.026678, 0.998938, 0.037563, 0.013217, -0.037925, 0.999193, 288.591125, 25.000000
2012-12-03 21:13:32.555, 2.271157, 0.010742, -0.043320, -1.014069, 0.999547, -0.026788, -0.013695, 0.027272, 0.998964, 0.036420, 0.012705, -0.036777, 0.999243, 288.591125, 25.000000
2012-12-03 21:13:32.587, 2.302969, -0.002930, -0.037659, -0.997467, 0.999525, -0.026819, -0.015209, 0.027355, 0.998968, 0.036257, 0.014221, -0.036655, 0.999227, 288.591125, 25.000000
2012-12-03 21:13:32.618, 2.334232, 0.002563, -0.022003, -1.029999, 0.999541, -0.026224, -0.015143, 0.026762, 0.998978, 0.036432, 0.014172, -0.036821, 0.999221, 288.591125, 25.000000
2012-12-03 21:13:32.651, 2.366718, 0.012680, -0.042313, -1.011078, 0.999556, -0.026561, -0.013528, 0.027013, 0.999044, 0.034360, 0.012602, -0.034710, 0.999318, 288.591125, 25.000000
2012-12-03 21:13:32.683, 2.399087, 0.020111, -0.059769, -1.005020, 0.999544, -0.026664, -0.014163, 0.027143, 0.999025, 0.034823, 0.013221, -0.035192, 0.999293, 288.591125, 25.000000
2012-12-03 21:13:32.715, 2.431042, 0.062515, -0.035797, -1.100296, 0.999588, -0.025157, -0.013848, 0.025622, 0.999077, 0.034474, 0.012968, -0.034815, 0.999310, 288.591125, 25.000000
2012-12-03 21:13:32.747, 2.462672, -0.052185, -0.017090, -1.011032, 0.999669, -0.020697, -0.015268, 0.021212, 0.999185, 0.034337, 0.014545, -0.034649, 0.999294, 288.591125, 25.000000
2012-12-03 21:13:32.780, 2.495658, -0.021042, -0.016449, -0.999710, 0.999864, -0.013553, -0.009443, 0.013836, 0.999436, 0.030590, 0.009023, -0.030716, 0.999487, 288.591125, 25.000000
2012-12-03 21:13:32.811, 2.526975, 0.036041, -0.040833, -1.000854, 0.999893, -0.013317, -0.006045, 0.013493, 0.999453, 0.030181, 0.005640, -0.030260, 0.999526, 288.591125, 25.000000
2012-12-03 21:13:32.843, 2.559261, -0.048935, 0.026886, -1.053497, 0.999867, -0.015064, -0.006213, 0.015248, 0.999412, 0.030718, 0.005746, -0.030808, 0.999509, 288.591125, 25.000000
2012-12-03 21:13:32.874, 2.590526, 0.002014, -0.034637, -1.001343, 0.999919, -0.012380, -0.003101, 0.012460, 0.999557, 0.027034, 0.002765, -0.027070, 0.999630, 288.591125, 25.000000
2012-12-03 21:13:32.907, 2.622832, 0.004974, -0.029663, -0.993408, 0.999871, -0.016037, -0.001275, 0.016066, 0.999516, 0.026625, 0.000847, -0.026642, 0.999645, 288.591125, 25.000000
2012-12-03 21:13:32.939, 2.655436, 0.022827, -0.028427, -1.020813, 0.999810, -0.019453, -0.001022, 0.019474, 0.999400, 0.028638, 0.000465, -0.028652, 0.999589, 288.591125, 25.000000
2012-12-03 21:13:32.972, 2.687671, -0.006851, -0.031815, -0.986664, 0.999795, -0.019553, -0.005273, 0.019711, 0.999299, 0.031836, 0.004647, -0.031934, 0.999479, 288.591125, 25.000000
2012-12-03 21:13:33.004, 2.719825, 0.016266, -0.035217, -0.965576, 0.999786, -0.020251, -0.004329, 0.020381, 0.999270, 0.032323, 0.003672, -0.032405, 0.999468, 289.591125, 25.000000
2012-12-03 21:13:33.035, 2.751222, 0.005463, -0.020935, -1.025024, 0.999751, -0.022188, -0.002517, 0.022257, 0.999244, 0.031887, 0.001808, -0.031935, 0.999488, 289.591125, 25.000000
2012-12-03 21:13:33.068, 2.783761, -0.015335, -0.023209, -0.997650, 0.999751, -0.022188, -0.002517, 0.022257, 0.999244, 0.031887, 0.001808, -0.031935, 0.999488, 289.591125, 25.000000
2012-12-03 21:13:33.099, 2.815389, -0.002838, -0.027832, -0.989563, 0.999812, -0.018434, -0.006083, 0.018624, 0.999287, 0.032836, 0.005473, -0.032944, 0.999442, 289.591125, 25.000000
2012-12-03 21:13:33.131, 2.847011, -0.019806, -0.015533, -1.023422, 0.999816, -0.017979, -0.006684, 0.018185, 0.999314, 0.032266, 0.006099, -0.032382, 0.999457, 289.591125, 25.000000
2012-12-03 21:13:33.164, 2.879472, -0.015106, -0.019333, -1.013474, 0.999816, -0.017979, -0.006684, 0.018185, 0.999314, 0.032266, 0.006099, -0.032382, 0.999457, 289.591125, 25.000000
2012-12-03 21:13:33.196, 2.911677, 0.008011, -0.029633, -1.004242, 0.999821, -0.017847, -0.006214, 0.018031, 0.999362, 0.030830, 0.005660, -0.030936, 0.999505, 289.591125, 25.000000
2012-12-03 21:13:33.229, 2.945259, 0.007645, -0.018021, -1.041794, 0.999794, -0.019147, -0.006668, 0.019343, 0.999344, 0.030603, 0.006078, -0.030726, 0.999509, 289.591125, 25.000000
2012-12-03 21:13:33.263, 2.978943, 0.014572, -0.039291, -0.999207, 0.999794, -0.019147, -0.006668, 0.019343, 0.999344, 0.030603, 0.006078, -0.030726, 0.999509, 289.591125, 25.000000
2012-12-03 21:13:33.294, 3.009984, 0.021362, -0.080231, -0.976349, 0.999734, -0.022292, -0.005968, 0.022464, 0.999281, 0.030539, 0.005283, -0.030665, 0.999516, 289.591125, 25.000000
2012-12-03 21:13:33.326, 3.041479, -0.007355, -0.023102, -1.014343, 0.999729, -0.022136, -0.007204, 0.022363, 0.999200, 0.033156, 0.006464, -0.033308, 0.999424, 289.591125, 25.000000
2012-12-03 21:13:33.357, 3.072996, 0.015823, -0.002243, -1.050598, 0.999729, -0.022136, -0.007204, 0.022363, 0.999200, 0.033156, 0.006464, -0.033308, 0.999424, 289.591125, 25.000000
2012-12-03 21:13:33.389, 3.104811, 0.024475, -0.053940, -1.041519, 0.999742, -0.021833, -0.006263, 0.022020, 0.999259, 0.031557, 0.005569, -0.031687, 0.999482, 289.591125, 25.000000
2012-12-03 21:13:33.421, 3.137238, 0.014420, -0.037262, -0.979431, 0.999689, -0.022431, -0.010860, 0.022799, 0.999128, 0.034982, 0.010066, -0.035219, 0.999329, 289.591125, 25.000000
2012-12-03 21:13:33.453, 3.169082, 0.023956, -0.049820, -0.983246, 0.999689, -0.022431, -0.010860, 0.022799, 0.999128, 0.034982, 0.010066, -0.035219, 0.999329, 289.591125, 25.000000
2012-12-03 21:13:33.485, 3.201018, 0.007385, -0.021881, -1.024017, 0.999648, -0.022790, -0.013616, 0.023285, 0.999032, 0.037324, 0.012752, -0.037628, 0.999210, 289.591125, 25.000000
2012-12-03 21:13:33.517, 3.233433, 0.009003, -0.030609, -1.010147, 0.999642, -0.023937, -0.011958, 0.024344, 0.999087, 0.035109, 0.011107, -0.035388, 0.999312, 289.591125, 25.000000
2012-12-03 21:13:33.549, 3.265241, 0.007751, -0.006226, -1.029938, 0.999676, -0.023070, -0.010751, 0.023407, 0.999203, 0.032346, 0.009996, -0.032588, 0.999419, 289.591125, 25.000000
2012-12-03 21:13:33.581, 3.296988, -0.011475, -0.000793, -1.047028, 0.999650, -0.023991, -0.011174, 0.024336, 0.999198, 0.031809, 0.010402, -0.032070, 0.999431, 289.591125, 25.000000
2012-12-03 21:13:33.614, 3.329413, -0.000443, -0.017105, -1.011276, 0.999681, -0.023763, -0.008607, 0.024003, 0.999290, 0.029049, 0.007911, -0.029247, 0.999541, 289.591125, 25.000000
2012-12-03 21:13:33.645, 3.361482, 0.013931, -0.028549, -1.010071, 0.999665, -0.025272, -0.005568, 0.025414, 0.999310, 0.027087, 0.004880, -0.027219, 0.999618, 290.591125, 25.000000
2012-12-03 21:13:33.678, 3.393926, 0.021027, -0.052841, -0.989197, 0.999640, -0.026092, -0.006302, 0.026267, 0.999222, 0.029408, 0.005530, -0.029563, 0.999548, 290.591125, 25.000000
2012-12-03 21:13:33.710, 3.425666, 0.010315, -0.020828, -1.022980, 0.999609, -0.026936, -0.007553, 0.027164, 0.999123, 0.031875, 0.006688, -0.032068, 0.999463, 290.591125, 25.000000
2012-12-03 21:13:33.742, 3.458464, 0.019867, -0.021576, -1.005051, 0.999600, -0.027262, -0.007554, 0.027492, 0.999105, 0.032148, 0.006671, -0.032343, 0.999455, 290.591125, 25.000000
2012-12-03 21:13:33.773, 3.489288, 0.016586, -0.011993, -1.048584, 0.999582, -0.027641, -0.008491, 0.027907, 0.999067, 0.032973, 0.007571, -0.033196, 0.999420, 290.591125, 25.000000
2012-12-03 21:13:33.805, 3.521064, 0.017487, -0.040207, -0.999161, 0.999579, -0.026899, -0.010843, 0.027238, 0.999099, 0.032531, 0.009958, -0.032812, 0.999412, 290.591125, 25.000000
2012-12-03 21:13:33.837, 3.552780, 0.010880, -0.062759, -0.967606, 0.999572, -0.026918, -0.011487, 0.027296, 0.999046, 0.034098, 0.010558, -0.034397, 0.999352, 290.591125, 25.000000
2012-12-03 21:13:33.869, 3.585362, 0.009323, -0.019882, -1.021011, 0.999566, -0.026728, -0.012375, 0.027181, 0.998905, 0.038077, 0.011343, -0.038397, 0.999198, 290.591125, 25.000000
2012-12-03 21:13:33.901, 3.617444, 0.006897, -0.011200, -1.050705, 0.999582, -0.026125, -0.012374, 0.026579, 0.998920, 0.038108, 0.011365, -0.038421, 0.999197, 290.591125, 25.000000
2012-12-03 21:13:33.934, 3.650103, 0.006500, -0.015015, -1.019089, 0.999589, -0.025062, -0.013919, 0.025565, 0.998980, 0.037219, 0.012972, -0.037560, 0.999210, 290.591125, 25.000000
2012-12-03 21:13:33.966, 3.682181, 0.024872, -0.051758, -0.979263, 0.999588, -0.024525, -0.014883, 0.025060, 0.999007, 0.036841, 0.013965, -0.037198, 0.999210, 290.591125, 25.000000
2012-12-03 21:13:33.997, 3.713381, 0.013428, -0.048126, -0.997223, 0.999586, -0.025440, -0.013458, 0.025921, 0.998983, 0.036881, 0.012506, -0.037214, 0.999229, 290.591125, 25.000000
2012-12-03 21:13:34.030, 3.745745, 0.010025, -0.032593, -1.018036, 0.999588, -0.025429, -0.013276, 0.025901, 0.998992, 0.036657, 0.012330, -0.036986, 0.999240, 290.591125, 25.000000
2012-12-03 21:13:34.062, 3.778186, 0.016891, -0.028503, -1.013992, 0.999597, -0.024692, -0.013992, 0.025183, 0.999033, 0.036035, 0.013088, -0.036373, 0.999253, 290.591125, 25.000000
2012-12-03 21:13:34.094, 3.810041, 0.020828, -0.029434, -1.017883, 0.999594, -0.024351, -0.014770, 0.024875, 0.999028, 0.036388, 0.013870, -0.036740, 0.999229, 290.591125, 25.000000
2012-12-03 21:13:34.125, 3.841431, 0.001572, -0.016083, -1.016174, 0.999616, -0.024104, -0.013699, 0.024573, 0.999078, 0.035210, 0.012838, -0.035533, 0.999286, 290.591125, 25.000000
2012-12-03 21:13:34.159, 3.875103, 0.035965, -0.046738, -1.005798, 0.999642, -0.023706, -0.012393, 0.024106, 0.999158, 0.033198, 0.011596, -0.033485, 0.999372, 290.591125, 25.000000
2012-12-03 21:13:34.191, 3.906790, 0.004776, -0.040436, -0.995392, 0.999623, -0.024604, -0.012221, 0.024999, 0.999135, 0.033229, 0.011393, -0.033522, 0.999373, 290.591125, 25.000000
2012-12-03 21:13:34.222, 3.937796, 0.002335, -0.030807, -1.026047, 0.999618, -0.024823, -0.012139, 0.025226, 0.999095, 0.034250, 0.011278, -0.034543, 0.999340, 290.591125, 25.000000
2012-12-03 21:13:34.254, 3.969600, 0.018082, -0.026596, -1.030777, 0.999633, -0.024428, -0.011687, 0.024818, 0.999097, 0.034494, 0.010834, -0.034772, 0.999337, 290.591125, 25.000000
2012-12-03 21:13:34.286, 4.001882, 0.024612, -0.028336, -1.005966, 0.999635, -0.025260, -0.009624, 0.025564, 0.999135, 0.032796, 0.008787, -0.033030, 0.999416, 290.591125, 25.000000
2012-12-03 21:13:34.318, 4.033655, 0.007492, -0.019958, -1.030930, 0.999617, -0.025782, -0.010095, 0.026103, 0.999115, 0.032976, 0.009236, -0.033226, 0.999405, 290.591125, 25.000000
2012-12-03 21:13:34.350, 4.065974, 0.007629, -0.041336, -0.989410, 0.999616, -0.026113, -0.009263, 0.026395, 0.999149, 0.031699, 0.008428, -0.031932, 0.999454, 290.591125, 25.000000
2012-12-03 21:13:34.382, 4.098468, 0.024429, -0.063446, -0.957535, 0.999597, -0.027248, -0.007952, 0.027495, 0.999083, 0.032821, 0.007050, -0.033027, 0.999430, 290.591125, 25.000000
2012-12-03 21:13:34.415, 4.130573, 0.003525, -0.020981, -1.026047, 0.999580, -0.027945, -0.007646, 0.028190, 0.999021, 0.034092, 0.006686, -0.034293, 0.999389, 290.591125, 25.000000
2012-12-03 21:13:34.446, 4.161956, -0.000610, 0.002319, -1.054779, 0.999580, -0.027945, -0.007646, 0.028190, 0.999021, 0.034092, 0.006686, -0.034293, 0.999389, 290.591125, 25.000000
2012-12-03 21:13:34.478, 4.193859, 0.008926, -0.035522, -1.011139, 0.999658, -0.025075, -0.007490, 0.025285, 0.999247, 0.029412, 0.006747, -0.029591, 0.999539, 290.591125, 25.000000
2012-12-03 21:13:34.509, 4.225395, 0.005798, -0.039459, -0.998337, 0.999650, -0.025238, -0.007932, 0.025470, 0.999205, 0.030673, 0.007152, -0.030864, 0.999498, 290.591125, 25.000000
2012-12-03 21:13:34.542, 4.257779, 0.017487, -0.046143, -1.011017, 0.999650, -0.025238, -0.007932, 0.025470, 0.999205, 0.030673, 0.007152, -0.030864, 0.999498, 290.591125, 25.000000
2012-12-03 21:13:34.574, 4.290128, 0.006012, -0.037537, -1.015137, 0.999631, -0.025859, -0.008357, 0.026109, 0.999169, 0.031299, 0.007541, -0.031506, 0.999475, 290.591125, 25.000000
2012-12-03 21:13:34.606, 4.322194, -0.001663, -0.026886, -1.005356, 0.999639, -0.025533, -0.008388, 0.025788, 0.999160, 0.031850, 0.007568, -0.032055, 0.999457, 290.591125, 25.000000
2012-12-03 21:13:34.639, 4.354614, -0.002533, -0.025955, -1.014267, 0.999639, -0.025533, -0.008388, 0.025788, 0.999160, 0.031850, 0.007568, -0.032055, 0.999457, 290.591125, 25.000000
2012-12-03 21:13:34.671, 4.387336, 0.001938, -0.037567, -0.998383, 0.999676, -0.024773, -0.005828, 0.024941, 0.999218, 0.030685, 0.005063, -0.030820, 0.999512, 290.591125, 25.000000
2012-12-03 21:13:34.703, 4.419019, 0.004135, -0.035629, -1.019119, 0.999660, -0.025562, -0.005087, 0.025706, 0.999206, 0.030442, 0.004305, -0.030563, 0.999524, 290.591125, 25.000000
2012-12-03 21:13:34.735, 4.451123, 0.001144, -0.035675, -1.011246, 0.999660, -0.025562, -0.005087, 0.025706, 0.999206, 0.030442, 0.004305, -0.030563, 0.999524, 290.591125, 25.000000
2012-12-03 21:13:34.767, 4.482767, 0.004089, -0.035614, -1.015167, 0.999647, -0.026127, -0.004786, 0.026261, 0.999190, 0.030477, 0.003986, -0.030592, 0.999524, 290.591125, 25.000000
2012-12-03 21:13:34.799, 4.514743, 0.001648, -0.021027, -1.032974, 0.999617, -0.027329, -0.004285, 0.027451, 0.999116, 0.031822, 0.003411, -0.031927, 0.999484, 290.591125, 25.000000
2012-12-03 21:13:34.831, 4.547215, 0.016800, -0.037354, -1.021912, 0.999617, -0.027329, -0.004285, 0.027451, 0.999116, 0.031822, 0.003411, -0.031927, 0.999484, 290.591125, 25.000000
2012-12-03 21:13:34.864, 4.579964, 0.009689, -0.047272, -1.013107, 0.999583, -0.028677, -0.003253, 0.028764, 0.999108, 0.030904, 0.002364, -0.030985, 0.999517, 290.591125, 25.000000
2012-12-03 21:13:34.896, 4.611904, 0.015747, -0.063644, -0.969513, 0.999542, -0.029995, -0.003937, 0.030105, 0.999039, 0.031861, 0.002977, -0.031965, 0.999485, 290.591125, 25.000000
2012-12-03 21:13:34.928, 4.643883, 0.006668, -0.043335, -0.994385, 0.999513, -0.030937, -0.004047, 0.031057, 0.998938, 0.034024, 0.002990, -0.034133, 0.999413, 290.591125, 25.000000
2012-12-03 21:13:34.960, 4.675674, 0.001648, -0.019058, -1.029022, 0.999512, -0.030868, -0.004700, 0.031022, 0.998822, 0.037324, 0.003542, -0.037452, 0.999292, 290.591125, 25.000000
2012-12-03 21:13:34.991, 4.706785, 0.007339, -0.024826, -1.024994, 0.999551, -0.029551, -0.004948, 0.029712, 0.998891, 0.036515, 0.003863, -0.036646, 0.999321, 290.591125, 25.000000
2012-12-03 21:13:35.023, 4.738823, 0.009796, -0.040390, -1.010132, 0.999561, -0.029191, -0.005140, 0.029356, 0.998932, 0.035691, 0.004093, -0.035826, 0.999350, 290.591125, 25.000000
2012-12-03 21:13:35.055, 4.770806, 0.009537, -0.051163, -1.005188, 0.999559, -0.029165, -0.005594, 0.029347, 0.998930, 0.035732, 0.004545, -0.035880, 0.999346, 290.591125, 25.000000
2012-12-03 21:13:35.087, 4.803506, 0.016541, -0.044174, -1.010040, 0.999544, -0.029727, -0.005336, 0.029899, 0.998909, 0.035859, 0.004264, -0.036003, 0.999343, 290.591125, 25.000000
2012-12-03 21:13:35.120, 4.835914, 0.003036, -0.035614, -1.006287, 0.999544, -0.029625, -0.005880, 0.029819, 0.998897, 0.036283, 0.004798, -0.036442, 0.999324, 290.591125, 25.000000
2012-12-03 21:13:35.152, 4.868083, 0.002136, -0.034683, -1.013214, 0.999547, -0.029388, -0.006546, 0.029611, 0.998875, 0.037039, 0.005450, -0.037216, 0.999292, 290.591125, 25.000000
2012-12-03 21:13:35.184, 4.900349, 0.011734, -0.037399, -1.003174, 0.999570, -0.028627, -0.006423, 0.028844, 0.998912, 0.036639, 0.005367, -0.036808, 0.999308, 290.591125, 25.000000
2012-12-03 21:13:35.216, 4.931647, 0.005035, -0.037552, -1.015152, 0.999570, -0.028647, -0.006280, 0.028857, 0.998918, 0.036478, 0.005229, -0.036643, 0.999315, 290.591125, 25.000000
2012-12-03 21:13:35.248, 4.963746, 0.005630, -0.049271, -1.000320, 0.999555, -0.029073, -0.006690, 0.029304, 0.998869, 0.037441, 0.005594, -0.037621, 0.999276, 290.591125, 25.000000
2012-12-03 21:13:35.279, 4.995425, 0.001831, -0.043442, -0.999374, 0.999553, -0.029139, -0.006620, 0.029367, 0.998868, 0.037420, 0.005522, -0.037597, 0.999278, 290.591125, 25.000000
2012-12-03 21:13:35.312, 5.027861, 0.010651, -0.041321, -1.000244, 0.999555, -0.028977, -0.007054, 0.029227, 0.998835, 0.038393, 0.005933, -0.038582, 0.999238, 290.591125, 25.000000
2012-12-03 21:13:35.345, 5.060552, 0.013443, -0.016907, -1.037750, 0.999556, -0.028947, -0.007005, 0.029194, 0.998841, 0.038263, 0.005889, -0.038451, 0.999243, 290.591125, 25.000000
2012-12-03 21:13:35.376, 5.091969, 0.013229, -0.026703, -1.034775, 0.999573, -0.028211, -0.007621, 0.028474, 0.998911, 0.036972, 0.006570, -0.037173, 0.999287, 290.591125, 25.000000
2012-12-03 21:13:35.408, 5.123706, 0.000214, -0.058060, -0.962814, 0.999562, -0.028619, -0.007524, 0.028867, 0.998962, 0.035227, 0.006508, -0.035429, 0.999351, 290.591125, 25.000000
2012-12-03 21:13:35.439, 5.155037, 0.005386, -0.053131, -0.984482, 0.999543, -0.028996, -0.008510, 0.029301, 0.998842, 0.038151, 0.007394, -0.038383, 0.999236, 290.591125, 25.000000
2012-12-03 21:13:35.472, 5.187494, 0.010452, -0.017929, -1.030884, 0.999551, -0.028845, -0.008125, 0.029139, 0.998825, 0.038731, 0.006999, -0.038950, 0.999217, 290.591125, 25.000000
2012-12-03 21:13:35.503, 5.219452, 0.005630, -0.016052, -1.032928, 0.999585, -0.027661, -0.008001, 0.027940, 0.998919, 0.037156, 0.006964, -0.037364, 0.999277, 290.591125, 25.000000
2012-12-03 21:13:35.536, 5.252238, 0.010559, -0.046249, -1.002213, 0.999598, -0.027240, -0.007887, 0.027507, 0.998975, 0.035955, 0.006899, -0.036157, 0.999322, 290.591125, 25.000000
2012-12-03 21:13:35.569, 5.284828, 0.023972, -0.059708, -1.002975, 0.999591, -0.027658, -0.007313, 0.027905, 0.998954, 0.036228, 0.006304, -0.036417, 0.999317, 290.591125, 25.000000
2012-12-03 21:13:35.600, 5.316375, 0.011703, -0.046280, -1.018005, 0.999585, -0.027601, -0.008249, 0.027890, 0.998916, 0.037270, 0.007212, -0.037485, 0.999271, 290.591125, 25.000000
2012-12-03 21:13:35.632, 5.348345, 0.006088, -0.033615, -1.014145, 0.999617, -0.026493, -0.008014, 0.026770, 0.998965, 0.036778, 0.007031, -0.036978, 0.999291, 290.591125, 25.000000
2012-12-03 21:13:35.663, 5.379067, -0.006485, -0.026016, -1.010376, 0.999651, -0.025345, -0.007390, 0.025600, 0.998997, 0.036731, 0.006452, -0.036907, 0.999298, 290.591125, 25.000000
2012-12-03 21:13:35.695, 5.411327, 0.009888, -0.036499, -1.011124, 0.999679, -0.024246, -0.007310, 0.024498, 0.999030, 0.036591, 0.006416, -0.036758, 0.999304, 290.591125, 25.000000
2012-12-03 21:13:35.728, 5.443756, 0.007080, -0.034607, -1.019073, 0.999694, -0.023614, -0.007332, 0.023866, 0.999054, 0.036357, 0.006467, -0.036520, 0.999312, 290.591125, 25.000000
2012-12-03 21:13:35.761, 5.477025, 0.009796, -0.038437, -1.007156, 0.999706, -0.023189, -0.007035, 0.023429, 0.999069, 0.036236, 0.006189, -0.036390, 0.999318, 290.591125, 25.000000
2012-12-03 21:13:35.793, 5.508840, 0.010590, -0.042313, -0.998260, 0.999708, -0.023101, -0.007092, 0.023349, 0.999036, 0.037163, 0.006227, -0.037318, 0.999284, 290.591125, 25.000000
2012-12-03 21:13:35.825, 5.540572, 0.008102, -0.034592, -1.024002, 0.999714, -0.022891, -0.006955, 0.023140, 0.999002, 0.038200, 0.006074, -0.038350, 0.999246, 290.591125, 25.000000
2012-12-03 21:13:35.857, 5.572527, 0.008163, -0.031647, -1.023010, 0.999728, -0.022245, -0.006983, 0.022496, 0.999017, 0.038201, 0.006126, -0.038348, 0.999246, 290.591125, 25.000000
2012-12-03 21:13:35.888, 5.604496, 0.009995, -0.037491, -1.022980, 0.999737, -0.021659, -0.007486, 0.021929, 0.999029, 0.038218, 0.006651, -0.038373, 0.999241, 290.591125, 25.000000
2012-12-03 21:13:35.920, 5.636209, 0.015015, -0.067703, -1.001144, 0.999737, -0.021659, -0.007486, 0.021929, 0.999029, 0.038218, 0.006651, -0.038373, 0.999241, 290.591125, 25.000000
2012-12-03 21:13:35.953, 5.668566, 0.016068, -0.058823, -0.991257, 0.999722, -0.022087, -0.008207, 0.022405, 0.998911, 0.040917, 0.007294, -0.041089, 0.999129, 290.591125, 25.000000
2012-12-03 21:13:35.984, 5.700394, -0.000732, -0.031799, -1.011276, 0.999738, -0.021330, -0.008291, 0.021667, 0.998839, 0.043035, 0.007363, -0.043203, 0.999039, 290.591125, 25.000000
2012-12-03 21:13:36.016, 5.732455, -0.011017, -0.016357, -1.027237, 0.999738, -0.021330, -0.008291, 0.021667, 0.998839, 0.043035, 0.007363, -0.043203, 0.999039, 290.591125, 25.000000
2012-12-03 21:13:36.049, 5.764616, 0.005173, -0.033661, -1.021072, 0.999776, -0.019753, -0.007598, 0.020055, 0.998913, 0.042074, 0.006759, -0.042217, 0.999086, 290.591125, 25.000000
2012-12-03 21:13:36.080, 5.796382, 0.024887, -0.057693, -0.993088, 0.999796, -0.019309, -0.005912, 0.019528, 0.999029, 0.039481, 0.005144, -0.039588, 0.999203, 290.591125, 25.000000
2012-12-03 21:13:36.113, 5.828977, 0.010437, -0.050140, -0.997269, 0.999796, -0.019309, -0.005912, 0.019528, 0.999029, 0.039481, 0.005144, -0.039588, 0.999203, 290.591125, 25.000000
2012-12-03 21:13:36.145, 5.861031, 0.009262, -0.029709, -1.032867, 0.999785, -0.019771, -0.006194, 0.020008, 0.998965, 0.040850, 0.005380, -0.040965, 0.999146, 290.591125, 25.000000
2012-12-03 21:13:36.177, 5.892642, 0.012695, -0.042313, -1.013062, 0.999814, -0.018441, -0.005652, 0.018649, 0.999053, 0.039315, 0.004922, -0.039413, 0.999211, 290.591125, 25.000000
2012-12-03 21:13:36.210, 5.926453, 0.003601, -0.049286, -0.993423, 0.999814, -0.018441, -0.005652, 0.018649, 0.999053, 0.039315, 0.004922, -0.039413, 0.999211, 290.591125, 25.000000
2012-12-03 21:13:36.242, 5.957782, 0.002228, -0.033707, -1.019135, 0.999821, -0.018012, -0.005868, 0.018233, 0.999029, 0.040116, 0.005140, -0.040215, 0.999178, 290.591125, 25.000000
2012-12-03 21:13:36.274, 5.990234, 0.000168, -0.036682, -1.014221, 0.999846, -0.016665, -0.005414, 0.016863, 0.999098, 0.038981, 0.004760, -0.039066, 0.999225, 290.591125, 25.000000
2012-12-03 21:13:36.305, 6.021493, 0.002548, -0.055191, -0.994431, 0.999846, -0.016665, -0.005414, 0.016863, 0.999098, 0.038981, 0.004760, -0.039066, 0.999225, 290.591125, 25.000000
2012-12-03 21:13:36.336, 6.052450, 0.007080, -0.041504, -1.030930, 0.999846, -0.016851, -0.004971, 0.017034, 0.999082, 0.039297, 0.004305, -0.039375, 0.999215, 290.591125, 25.000000
2012-12-03 21:13:36.368, 6.084323, -0.002640, -0.031845, -1.016235, 0.999845, -0.017028, -0.004506, 0.017193, 0.999077, 0.039370, 0.003831, -0.039441, 0.999215, 290.591125, 25.000000
2012-12-03 21:13:36.400, 6.116366, 0.012131, -0.033585, -1.034790, 0.999850, -0.016724, -0.004477, 0.016886, 0.999090, 0.039162, 0.003818, -0.039231, 0.999223, 290.591125, 25.000000
2012-12-03 21:13:36.433, 6.148673, 0.012527, -0.046204, -1.004166, 0.999847, -0.016941, -0.004321, 0.017095, 0.999114, 0.038468, 0.003666, -0.038536, 0.999250, 290.591125, 25.000000
2012-12-03 21:13:36.465, 6.181202, 0.015793, -0.063660, -0.973465, 0.999839, -0.017429, -0.004279, 0.017579, 0.999117, 0.038162, 0.003610, -0.038231, 0.999262, 290.591125, 25.000000
2012-12-03 21:13:36.497, 6.213209, -0.002731, -0.030823, -1.005371, 0.999831, -0.017781, -0.004564, 0.017950, 0.999037, 0.040032, 0.003848, -0.040107, 0.999188, 290.591125, 25.000000
2012-12-03 21:13:36.529, 6.244933, -0.002029, -0.013306, -1.040955, 0.999841, -0.017335, -0.004209, 0.017491, 0.999032, 0.040364, 0.003505, -0.040431, 0.999176, 290.591125, 25.000000
2012-12-03 21:13:36.560, 6.276460, 0.014740, -0.042313, -1.021942, 0.999853, -0.016543, -0.004459, 0.016702, 0.999123, 0.038393, 0.003820, -0.038462, 0.999253, 290.591125, 25.000000
2012-12-03 21:13:36.592, 6.307884, 0.019928, -0.065643, -0.999100, 0.999839, -0.017294, -0.004878, 0.017468, 0.999117, 0.038222, 0.004213, -0.038301, 0.999257, 290.591125, 25.000000
2012-12-03 21:13:36.624, 6.340129, 0.018219, -0.059845, -1.010986, 0.999814, -0.018574, -0.005272, 0.018765, 0.999068, 0.038863, 0.004545, -0.038954, 0.999231, 290.591125, 25.000000
2012-12-03 21:13:36.657, 6.372904, 0.014572, -0.052109, -1.022919, 0.999802, -0.019055, -0.005803, 0.019272, 0.999015, 0.039978, 0.005035, -0.040082, 0.999184, 290.591125, 25.000000
2012-12-03 21:13:36.689, 6.404555, -0.012238, -0.029114, -1.027252, 0.999802, -0.018741, -0.006629, 0.018997, 0.998983, 0.040892, 0.005856, -0.041010, 0.999142, 290.591125, 25.000000
2012-12-03 21:13:36.721, 6.436850, 0.015381, -0.052032, -1.005112, 0.999820, -0.017877, -0.006340, 0.018127, 0.998963, 0.041775, 0.005586, -0.041882, 0.999107, 290.591125, 25.000000
2012-12-03 21:13:36.753, 6.469182, -0.010696, -0.035858, -0.999557, 0.999826, -0.018041, -0.004745, 0.018225, 0.998955, 0.041925, 0.003984, -0.042004, 0.999110, 290.591125, 25.000000
2012-12-03 21:13:36.785, 6.501073, -0.002853, -0.040649, -1.011307, 0.999844, -0.017060, -0.004633, 0.017243, 0.998929, 0.042937, 0.003896, -0.043010, 0.999067, 290.591125, 25.000000
2012-12-03 21:13:36.816, 6.531878, 0.001709, -0.050308, -1.001343, 0.999852, -0.016810, -0.003559, 0.016944, 0.998976, 0.041944, 0.002850, -0.041998, 0.999114, 290.591125, 25.000000
2012-12-03 21:13:36.848, 6.563511, -0.001221, -0.051361, -1.001389, 0.999853, -0.016900, -0.002952, 0.017009, 0.998976, 0.041914, 0.002241, -0.041958, 0.999117, 290.591125, 25.000000
2012-12-03 21:13:36.880, 6.595936, -0.001740, -0.039688, -1.024139, 0.999846, -0.017252, -0.003309, 0.017377, 0.998953, 0.042315, 0.002576, -0.042366, 0.999099, 290.591125, 25.000000
2012-12-03 21:13:36.912, 6.627766, 0.011124, -0.030640, -1.028885, 0.999839, -0.017639, -0.003306, 0.017762, 0.998957, 0.042070, 0.002560, -0.042122, 0.999109, 290.591125, 25.000000
2012-12-03 21:13:36.944, 6.660074, 0.008148, -0.060913, -0.984436, 0.999825, -0.018385, -0.003594, 0.018517, 0.998989, 0.040974, 0.002837, -0.041034, 0.999154, 290.591125, 25.000000
2012-12-03 21:13:36.976, 6.692408, 0.008881, -0.071671, -0.981476, 0.999807, -0.019343, -0.003394, 0.019468, 0.998942, 0.041663, 0.002584, -0.041721, 0.999126, 290.591125, 25.000000
2012-12-03 21:13:37.009, 6.724676, 0.001068, -0.036636, -1.005310, 0.999809, -0.019325, -0.002804, 0.019427, 0.998890, 0.042904, 0.001972, -0.042950, 0.999075, 290.591125, 25.000000
2012-12-03 21:13:37.040, 6.756347, -0.005783, -0.011444, -1.050888, 0.999825, -0.018505, -0.002627, 0.018600, 0.998926, 0.042443, 0.001839, -0.042484, 0.999095, 290.591125, 25.000000
2012-12-03 21:13:37.072, 6.787897, 0.014084, -0.029602, -1.026871, 0.999840, -0.017764, -0.002140, 0.017835, 0.999049, 0.039782, 0.001432, -0.039814, 0.999206, 290.591125, 25.000000
2012-12-03 21:13:37.105, 6.820521, 0.008347, -0.058029, -0.997284, 0.999825, -0.018591, -0.001984, 0.018655, 0.999047, 0.039453, 0.001248, -0.039483, 0.999219, 290.591125, 25.000000
2012-12-03 21:13:37.137, 6.852903, 0.012177, -0.060883, -0.997223, 0.999810, -0.019335, -0.002356, 0.019415, 0.998980, 0.040769, 0.001565, -0.040807, 0.999166, 290.591125, 25.000000
2012-12-03 21:13:37.169, 6.884892, 0.010727, -0.043320, -1.013092, 0.999798, -0.020022, -0.001644, 0.020073, 0.998980, 0.040447, 0.000833, -0.040472, 0.999180, 290.591125, 25.000000
2012-12-03 21:13:37.202, 6.917569, 0.010895, -0.035492, -1.014069, 0.999798, -0.020022, -0.001644, 0.020073, 0.998980, 0.040447, 0.000833, -0.040472, 0.999180, 290.591125, 25.000000
2012-12-03 21:13:37.233, 6.949235, 0.001190, -0.034698, -1.015198, 0.999800, -0.019935, -0.001456, 0.019977, 0.999029, 0.039267, 0.000672, -0.039288, 0.999228, 290.591125, 25.000000
2012-12-03 21:13:37.266, 6.981670, 0.003113, -0.036636, -1.014191, 0.999805, -0.019742, -0.001031, 0.019767, 0.999069, 0.038334, 0.000273, -0.038347, 0.999264, 290.591125, 25.000000
