start, 2012-11-27 15:05:40.438, 30
timestamp, sec, x, y, z, m11, m12, m13, m21, m22, m23, m31, m32, m33, heading, heading_acc
2012-11-27 15:05:40.452, 0.000000, 0.053818, 0.018250, -1.004593, 0.997641, -0.063236, -0.026724, 0.064063, 0.997455, 0.031306, 0.024677, -0.032944, 0.999152, 18.994354, 25.000000
2012-11-27 15:05:40.484, 0.031947, 0.029800, 0.028503, -1.021759, 0.997641, -0.063236, -0.026724, 0.064063, 0.997455, 0.031306, 0.024677, -0.032944, 0.999152, 18.994354, 25.000000
2012-11-27 15:05:40.515, 0.063685, 0.037567, -0.006485, -0.988983, 0.997641, -0.063236, -0.026724, 0.064063, 0.997455, 0.031306, 0.024677, -0.032944, 0.999152, 18.994354, 25.000000
2012-11-27 15:05:40.548, 0.096553, 0.040833, 0.006256, -0.998856, 0.997641, -0.063236, -0.026724, 0.064063, 0.997455, 0.031306, 0.024677, -0.032944, 0.999152, 18.994354, 25.000000
2012-11-27 15:05:40.581, 0.127579, 0.034103, -0.001785, -1.023651, 0.997641, -0.063236, -0.026724, 0.064063, 0.997455, 0.031306, 0.024677, -0.032944, 0.999152, 18.994354, 25.000000
2012-11-27 15:05:40.612, 0.159722, 0.026230, 0.000046, -1.012894, 0.997641, -0.063236, -0.026724, 0.064063, 0.997455, 0.031306, 0.024677, -0.032944, 0.999152, 18.994354, 25.000000
2012-11-27 15:05:40.643, 0.191127, 0.030807, -0.011566, -1.006866, 0.997641, -0.063236, -0.026724, 0.064063, 0.997455, 0.031306, 0.024677, -0.032944, 0.999152, 18.994354, 25.000000
2012-11-27 15:05:40.675, 0.223219, 0.034592, -0.013428, -0.996933, 0.997641, -0.063236, -0.026724, 0.064063, 0.997455, 0.031306, 0.024677, -0.032944, 0.999152, 18.994354, 25.000000
2012-11-27 15:05:40.706, 0.253926, 0.029236, 0.008957, -1.003967, 0.997641, -0.063236, -0.026724, 0.064063, 0.997455, 0.031306, 0.024677, -0.032944, 0.999152, 18.994354, 25.000000
2012-11-27 15:05:40.737, 0.285431, 0.041763, -0.002579, -1.009705, 0.997641, -0.063236, -0.026724, 0.064063, 0.997455, 0.031306, 0.024677, -0.032944, 0.999152, 18.994354, 25.000000
2012-11-27 15:05:40.770, 0.317628, 0.030884, -0.005676, -1.002914, 0.997641, -0.063236, -0.026724, 0.064063, 0.997455, 0.031306, 0.024677, -0.032944, 0.999152, 18.994354, 25.000000
2012-11-27 15:05:40.801, 0.349654, 0.025986, -0.002823, -0.995102, 0.997641, -0.063236, -0.026724, 0.064063, 0.997455, 0.031306, 0.024677, -0.032944, 0.999152, 18.994354, 25.000000
2012-11-27 15:05:40.832, 0.380117, 0.030075, -0.005737, -1.018753, 0.997641, -0.063236, -0.026724, 0.064063, 0.997455, 0.031306, 0.024677, -0.032944, 0.999152, 18.994354, 25.000000
2012-11-27 15:05:40.863, 0.411183, 0.042023, 0.002258, -1.026505, 0.997641, -0.063236, -0.026724, 0.064063, 0.997455, 0.031306, 0.024677, -0.032944, 0.999152, 18.994354, 25.000000
2012-11-27 15:05:40.896, 0.443744, 0.025085, -0.008774, -1.014862, 0.997641, -0.063236, -0.026724, 0.064063, 0.997455, 0.031306, 0.024677, -0.032944, 0.999152, 18.994354, 25.000000
2012-11-27 15:05:40.927, 0.474811, 0.017014, -0.010788, -0.991272, 0.997641, -0.063236, -0.026724, 0.064063, 0.997455, 0.031306, 0.024677, -0.032944, 0.999152, 18.994354, 25.000000
2012-11-27 15:05:40.959, 0.507268, 0.017181, -0.004944, -0.997192, 0.997641, -0.063236, -0.026724, 0.064063, 0.997455, 0.031306, 0.024677, -0.032944, 0.999152, 18.994354, 25.000000
2012-11-27 15:05:40.991, 0.539029, 0.029465, 0.010849, -1.022736, 0.997641, -0.063236, -0.026724, 0.064063, 0.997455, 0.031306, 0.024677, -0.032944, 0.999152, 18.994354, 25.000000
2012-11-27 15:05:41.024, 0.572008, 0.039154, 0.011063, -1.015671, 0.997641, -0.063236, -0.026724, 0.064063, 0.997455, 0.031306, 0.024677, -0.032944, 0.999152, 18.994354, 25.000000
2012-11-27 15:05:41.056, 0.603911, 0.039001, 0.007172, -1.007782, 0.997641, -0.063236, -0.026724, 0.064063, 0.997455, 0.031306, 0.024677, -0.032944, 0.999152, 18.994354, 25.000000
2012-11-27 15:05:41.088, 0.635862, 0.045532, -0.004410, -1.000732, 0.997641, -0.063236, -0.026724, 0.064063, 0.997455, 0.031306, 0.024677, -0.032944, 0.999152, 18.994354, 25.000000
2012-11-27 15:05:41.120, 0.667848, 0.042938, 0.004272, -1.017593, 0.997641, -0.063236, -0.026724, 0.064063, 0.997455, 0.031306, 0.024677, -0.032944, 0.999152, 18.994354, 25.000000
2012-11-27 15:05:41.152, 0.699769, 0.038116, 0.010071, -1.011719, 0.997641, -0.063236, -0.026724, 0.064063, 0.997455, 0.031306, 0.024677, -0.032944, 0.999152, 18.994354, 25.000000
2012-11-27 15:05:41.182, 0.730358, 0.029251, 0.010910, -1.002960, 0.998569, -0.000444, -0.053482, -0.000521, 0.999837, -0.018040, 0.053481, 0.018042, 0.998406, 18.994354, 25.000000
2012-11-27 15:05:41.214, 0.761843, 0.034180, 0.008041, -1.010803, 0.998912, -0.000252, -0.046626, -0.000483, 0.999876, -0.015737, 0.046624, 0.015743, 0.998788, 18.994354, 25.000000
2012-11-27 15:05:41.245, 0.792650, 0.025681, 0.019608, -1.016861, 0.999041, -0.000100, -0.043785, -0.000498, 0.999907, -0.013634, 0.043782, 0.013643, 0.998948, 18.994354, 25.000000
2012-11-27 15:05:41.276, 0.824169, 0.031143, 0.007034, -1.003937, 0.999041, -0.000100, -0.043785, -0.000498, 0.999907, -0.013634, 0.043782, 0.013643, 0.998948, 18.994354, 25.000000
2012-11-27 15:05:41.309, 0.856708, 0.029999, 0.000168, -0.999008, 0.999274, -0.000288, -0.038084, -0.000210, 0.999915, -0.013065, 0.038085, 0.013064, 0.999189, 18.994354, 25.000000
2012-11-27 15:05:41.339, 0.887411, 0.043121, 0.012115, -1.019562, 0.999317, -0.000463, -0.036948, 0.000065, 0.999942, -0.010766, 0.036951, 0.010756, 0.999259, 18.994354, 25.000000
2012-11-27 15:05:41.371, 0.918918, 0.035980, 0.002213, -1.008804, 0.999317, -0.000463, -0.036948, 0.000065, 0.999942, -0.010766, 0.036951, 0.010756, 0.999259, 18.994354, 25.000000
2012-11-27 15:05:41.403, 0.950709, 0.034927, 0.006165, -0.992996, 0.999341, -0.000829, -0.036291, 0.000426, 0.999938, -0.011108, 0.036297, 0.011085, 0.999280, 18.994354, 25.000000
2012-11-27 15:05:41.434, 0.982538, 0.041916, 0.010178, -1.000809, 0.999343, -0.001571, -0.036217, 0.001255, 0.999961, -0.008753, 0.036229, 0.008702, 0.999306, 18.994354, 25.000000
2012-11-27 15:05:41.466, 1.013359, 0.035172, 0.010025, -1.009796, 0.999343, -0.001571, -0.036217, 0.001255, 0.999961, -0.008753, 0.036229, 0.008702, 0.999306, 18.994354, 25.000000
2012-11-27 15:05:41.497, 1.044927, 0.025314, 0.002960, -1.013885, 0.999350, -0.001979, -0.035984, 0.001636, 0.999953, -0.009563, 0.036002, 0.009498, 0.999307, 18.994354, 25.000000
2012-11-27 15:05:41.530, 1.077579, 0.030914, -0.003708, -1.000946, 0.999392, -0.002380, -0.034794, 0.002032, 0.999948, -0.010023, 0.034816, 0.009947, 0.999344, 18.994354, 25.000000
2012-11-27 15:05:41.561, 1.109225, 0.032684, -0.009537, -0.994995, 0.999392, -0.002380, -0.034794, 0.002032, 0.999948, -0.010023, 0.034816, 0.009947, 0.999344, 18.994354, 25.000000
2012-11-27 15:05:41.593, 1.140613, 0.022095, 0.026352, -1.033707, 0.999413, -0.002404, -0.034169, 0.002098, 0.999957, -0.009003, 0.034189, 0.008926, 0.999376, 18.994354, 25.000000
2012-11-27 15:05:41.623, 1.171704, 0.031906, -0.002731, -1.000946, 0.999415, -0.002143, -0.034130, 0.001818, 0.999953, -0.009553, 0.034149, 0.009485, 0.999372, 18.994354, 25.000000
2012-11-27 15:05:41.656, 1.203830, 0.044357, -0.005356, -0.983948, 0.999437, -0.002653, -0.033457, 0.002302, 0.999942, -0.010509, 0.033483, 0.010426, 0.999385, 18.994354, 25.000000
2012-11-27 15:05:41.689, 1.236295, 0.033112, -0.000824, -1.020691, 0.999432, -0.003883, -0.033472, 0.003601, 0.999958, -0.008479, 0.033504, 0.008354, 0.999404, 202.580109, 25.000000
2012-11-27 15:05:41.719, 1.267607, 0.031342, 0.006973, -1.023697, 0.999392, -0.004087, -0.034617, 0.003824, 0.999963, -0.007663, 0.034647, 0.007526, 0.999371, 202.580109, 25.000000
2012-11-27 15:05:41.751, 1.298893, 0.037964, 0.005219, -1.004807, 0.999387, -0.004320, -0.034753, 0.004057, 0.999963, -0.007626, 0.034785, 0.007480, 0.999367, 202.580109, 25.000000
2012-11-27 15:05:41.784, 1.332033, 0.022278, -0.001984, -1.012955, 0.999369, -0.004964, -0.035167, 0.004704, 0.999961, -0.007479, 0.035203, 0.007309, 0.999353, 202.580109, 25.000000
2012-11-27 15:05:41.815, 1.363304, 0.033722, -0.011490, -1.004852, 0.999349, -0.005447, -0.035674, 0.005188, 0.999960, -0.007346, 0.035713, 0.007156, 0.999336, 202.580109, 25.000000
2012-11-27 15:05:41.846, 1.393949, 0.027267, 0.003006, -1.013870, 0.999352, -0.005611, -0.035554, 0.005407, 0.999968, -0.005841, 0.035586, 0.005645, 0.999351, 202.580109, 25.000000
2012-11-27 15:05:41.877, 1.425552, 0.007462, -0.010071, -1.009201, 0.999338, -0.006223, -0.035848, 0.006080, 0.999973, -0.004099, 0.035873, 0.003878, 0.999349, 202.580109, 25.000000
2012-11-27 15:05:41.910, 1.457818, 0.009796, -0.029556, -0.989380, 0.999354, -0.006370, -0.035362, 0.006251, 0.999974, -0.003462, 0.035384, 0.003239, 0.999369, 202.580109, 25.000000
2012-11-27 15:05:41.941, 1.488881, 0.008591, -0.041321, -0.988403, 0.999415, -0.006502, -0.033563, 0.006449, 0.999978, -0.001678, 0.033574, 0.001460, 0.999435, 202.580109, 25.000000
2012-11-27 15:05:41.973, 1.520761, 0.014694, -0.018951, -1.066391, 0.999477, -0.006764, -0.031612, 0.006781, 0.999977, 0.000428, 0.031608, -0.000642, 0.999500, 202.580109, 25.000000
2012-11-27 15:05:42.004, 1.552599, -0.017807, -0.018494, -1.035233, 0.999525, -0.006841, -0.030047, 0.006838, 0.999977, -0.000189, 0.030047, -0.000017, 0.999548, 202.580109, 25.000000
2012-11-27 15:05:42.036, 1.584416, -0.004135, -0.073761, -0.950027, 0.999533, -0.006347, -0.029893, 0.006305, 0.999979, -0.001483, 0.029902, 0.001294, 0.999552, 202.580109, 25.000000
2012-11-27 15:05:42.068, 1.616048, -0.011398, -0.068192, -0.993607, 0.999577, -0.006457, -0.028353, 0.006468, 0.999979, 0.000287, 0.028351, -0.000470, 0.999598, 202.580109, 25.000000
2012-11-27 15:05:42.099, 1.646767, -0.024704, -0.031418, -1.055099, 0.999615, -0.005682, -0.027158, 0.005693, 0.999984, 0.000361, 0.027156, -0.000516, 0.999631, 202.580109, 25.000000
2012-11-27 15:05:42.130, 1.677470, -0.025345, -0.010834, -1.045242, 0.999643, -0.003507, -0.026498, 0.003418, 0.999988, -0.003385, 0.026509, 0.003293, 0.999643, 202.580109, 25.000000
2012-11-27 15:05:42.161, 1.708669, -0.024231, -0.020386, -0.981979, 0.999643, -0.003507, -0.026498, 0.003418, 0.999988, -0.003385, 0.026509, 0.003293, 0.999643, 202.580109, 25.000000
2012-11-27 15:05:42.192, 1.740174, 0.025375, -0.044678, -0.919006, 0.999756, 0.001590, -0.022018, -0.001591, 0.999999, -0.000051, 0.022018, 0.000086, 0.999758, 202.580109, 25.000000
2012-11-27 15:05:42.224, 1.771765, 0.018234, -0.070358, -0.938828, 0.999772, 0.003996, -0.020952, -0.003893, 0.999980, 0.004941, 0.020971, -0.004858, 0.999768, 202.580109, 25.000000
2012-11-27 15:05:42.255, 1.803012, 0.014328, -0.073395, -0.942856, 0.999772, 0.003996, -0.020952, -0.003893, 0.999980, 0.004941, 0.020971, -0.004858, 0.999768, 202.580109, 25.000000
2012-11-27 15:05:42.288, 1.835445, 0.015701, -0.043259, -1.020920, 0.999774, 0.008271, -0.019609, -0.008149, 0.999947, 0.006276, 0.019660, -0.006115, 0.999788, 202.580109, 25.000000
2012-11-27 15:05:42.319, 1.866990, 0.030670, -0.097992, -1.064163, 0.999695, 0.013833, -0.020453, -0.013846, 0.999904, -0.000456, 0.020445, 0.000739, 0.999791, 202.580109, 25.000000
2012-11-27 15:05:42.349, 1.897611, 0.033768, -0.099976, -1.083862, 0.999695, 0.013833, -0.020453, -0.013846, 0.999904, -0.000456, 0.020445, 0.000739, 0.999791, 202.580109, 25.000000
2012-11-27 15:05:42.381, 1.929077, 0.023956, -0.091278, -1.063263, 0.999662, 0.013268, -0.022372, -0.013423, 0.999887, -0.006774, 0.022280, 0.007072, 0.999727, 202.580109, 25.000000
2012-11-27 15:05:42.413, 1.960802, 0.011032, -0.112793, -0.985367, 0.999622, 0.010935, -0.025243, -0.011169, 0.999896, -0.009170, 0.025140, 0.009449, 0.999639, 202.580109, 25.000000
2012-11-27 15:05:42.444, 1.991822, 0.018478, -0.076370, -0.974411, 0.999596, 0.009626, -0.026749, -0.009899, 0.999900, -0.010090, 0.026649, 0.010350, 0.999591, 202.580109, 25.000000
2012-11-27 15:05:42.476, 2.023741, 0.032532, -0.050568, -0.962372, 0.999642, 0.009521, -0.025006, -0.009728, 0.999919, -0.008150, 0.024927, 0.008390, 0.999654, 202.580109, 25.000000
2012-11-27 15:05:42.508, 2.055978, 0.031845, -0.075012, -0.943573, 0.999695, 0.009550, -0.022770, -0.009760, 0.999910, -0.009151, 0.022681, 0.009371, 0.999699, 202.580109, 25.000000
2012-11-27 15:05:42.540, 2.088321, 0.036652, -0.086731, -0.958344, 0.999752, 0.009805, -0.020012, -0.010042, 0.999880, -0.011820, 0.019893, 0.012018, 0.999730, 202.580109, 25.000000
2012-11-27 15:05:42.572, 2.120014, 0.019608, -0.079330, -0.995148, 0.999802, 0.009242, -0.017649, -0.009440, 0.999893, -0.011185, 0.017543, 0.011350, 0.999782, 202.580109, 25.000000
2012-11-27 15:05:42.604, 2.151939, 0.039108, -0.090820, -1.016617, 0.999837, 0.007221, -0.016555, -0.007423, 0.999899, -0.012124, 0.016466, 0.012245, 0.999789, 202.580109, 25.000000
2012-11-27 15:05:42.635, 2.183342, 0.054199, -0.113022, -1.007477, 0.999850, 0.004066, -0.016831, -0.004262, 0.999923, -0.011623, 0.016783, 0.011693, 0.999791, 202.580109, 25.000000
2012-11-27 15:05:42.666, 2.214396, 0.033859, -0.115433, -1.026535, 0.999844, 0.000452, -0.017644, -0.000670, 0.999924, -0.012351, 0.017637, 0.012361, 0.999768, 202.580109, 25.000000
2012-11-27 15:05:42.698, 2.245897, 0.023407, -0.104263, -1.129456, 0.999805, -0.002960, -0.019534, 0.002785, 0.999956, -0.008966, 0.019559, 0.008910, 0.999769, 202.580109, 25.000000
2012-11-27 15:05:42.729, 2.277009, 0.046036, -0.097946, -1.136078, 0.999755, -0.006626, -0.021135, 0.006497, 0.999960, -0.006168, 0.021175, 0.006029, 0.999758, 202.580109, 25.000000
2012-11-27 15:05:42.761, 2.309268, 0.061172, -0.091904, -1.171432, 0.999659, -0.012215, -0.023072, 0.012109, 0.999916, -0.004725, 0.023127, 0.004444, 0.999723, 202.580109, 25.000000
2012-11-27 15:05:42.793, 2.340595, 0.061127, -0.089920, -1.163528, 0.999526, -0.018893, -0.024320, 0.018862, 0.999821, -0.001506, 0.024344, 0.001046, 0.999703, 202.580109, 25.000000
2012-11-27 15:05:42.824, 2.371761, 0.035812, -0.008240, -1.204453, 0.999345, -0.026217, -0.024937, 0.026300, 0.999650, 0.003001, 0.024849, -0.003655, 0.999685, 202.580109, 25.000000
2012-11-27 15:05:42.855, 2.403197, 0.030548, 0.081818, -1.184814, 0.999106, -0.033551, -0.025710, 0.033742, 0.999406, 0.007012, 0.025460, -0.007873, 0.999645, 202.580109, 25.000000
2012-11-27 15:05:42.888, 2.435974, 0.058121, 0.130600, -1.112320, 0.998852, -0.040198, -0.026062, 0.040507, 0.999114, 0.011411, 0.025580, -0.012454, 0.999595, 202.580109, 25.000000
2012-11-27 15:05:42.919, 2.466840, 0.042374, 0.082687, -1.002808, 0.998589, -0.046957, -0.024813, 0.047408, 0.998715, 0.017916, 0.023940, -0.019067, 0.999532, 202.580109, 25.000000
2012-11-27 15:05:42.950, 2.497710, -0.019684, 0.061340, -0.888092, 0.998589, -0.046957, -0.024813, 0.047408, 0.998715, 0.017916, 0.023940, -0.019067, 0.999532, 202.580109, 25.000000
2012-11-27 15:05:42.981, 2.528665, -0.075027, 0.068069, -0.902710, 0.997841, -0.059380, -0.028066, 0.060400, 0.997487, 0.037027, 0.025797, -0.038642, 0.998920, 202.580109, 25.000000
2012-11-27 15:05:43.012, 2.560241, -0.079300, 0.086487, -0.926483, 0.997502, -0.064258, -0.029334, 0.065503, 0.996897, 0.043650, 0.026438, -0.045463, 0.998616, 202.580109, 25.000000
2012-11-27 15:05:43.044, 2.592288, -0.048447, 0.102676, -0.954742, 0.997502, -0.064258, -0.029334, 0.065503, 0.996897, 0.043650, 0.026438, -0.045463, 0.998616, 202.580109, 25.000000
2012-11-27 15:05:43.076, 2.623808, 0.013657, 0.045151, -0.936981, 0.997112, -0.069636, -0.030316, 0.071012, 0.996370, 0.046959, 0.026936, -0.048976, 0.998437, 202.580109, 25.000000
2012-11-27 15:05:43.107, 2.654905, 0.032883, -0.001389, -0.902115, 0.996019, -0.085281, -0.025929, 0.086167, 0.995659, 0.035198, 0.022815, -0.037292, 0.999044, 202.580109, 25.000000
2012-11-27 15:05:43.139, 2.686936, 0.031403, -0.029831, -0.908051, 0.996019, -0.085281, -0.025929, 0.086167, 0.995659, 0.035198, 0.022815, -0.037292, 0.999044, 202.580109, 25.000000
2012-11-27 15:05:43.170, 2.717821, 0.037064, -0.034576, -0.898087, 0.995187, -0.093917, -0.027966, 0.094863, 0.994887, 0.034662, 0.024568, -0.037148, 0.999008, 202.580109, 25.000000
2012-11-27 15:05:43.202, 2.750108, 0.035339, -0.058014, -0.868423, 0.994328, -0.101694, -0.031135, 0.102757, 0.994101, 0.034694, 0.027423, -0.037697, 0.998913, 202.580109, 25.000000
2012-11-27 15:05:43.233, 2.781914, 0.013107, -0.068405, -0.911240, 0.993690, -0.107004, -0.033629, 0.108182, 0.993501, 0.035394, 0.029624, -0.038809, 0.998807, 202.580109, 25.000000
2012-11-27 15:05:43.265, 2.813284, -0.003036, -0.060959, -0.937164, 0.993398, -0.109052, -0.035608, 0.110261, 0.993323, 0.033951, 0.031667, -0.037653, 0.998789, 202.580109, 25.000000
2012-11-27 15:05:43.297, 2.845539, -0.004456, -0.088455, -0.946075, 0.993223, -0.109977, -0.037586, 0.111162, 0.993318, 0.031023, 0.033923, -0.034991, 0.998812, 203.580109, 25.000000
2012-11-27 15:05:43.328, 2.876464, 0.007065, -0.115784, -0.982452, 0.993156, -0.109746, -0.039967, 0.110907, 0.993434, 0.028090, 0.036622, -0.032331, 0.998806, 203.580109, 25.000000
2012-11-27 15:05:43.361, 2.908526, -0.000565, -0.090698, -1.047791, 0.993482, -0.107251, -0.038601, 0.108426, 0.993659, 0.029759, 0.035165, -0.033751, 0.998811, 204.580109, 25.000000
2012-11-27 15:05:43.392, 2.939957, -0.001129, -0.069489, -1.141693, 0.994002, -0.102783, -0.037361, 0.104080, 0.993966, 0.034615, 0.033578, -0.038296, 0.998702, 204.580109, 25.000000
2012-11-27 15:05:43.423, 2.971399, -0.043396, -0.084351, -1.237167, 0.994538, -0.097503, -0.037246, 0.098864, 0.994426, 0.036654, 0.033465, -0.040136, 0.998634, 204.580109, 25.000000
2012-11-27 15:05:43.455, 3.002775, -0.046753, -0.084900, -1.100845, 0.994974, -0.092641, -0.037991, 0.094047, 0.994879, 0.037038, 0.034365, -0.040424, 0.998591, 204.580109, 25.000000
2012-11-27 15:05:43.487, 3.034674, 0.077911, -0.031815, -1.166290, 0.995312, -0.088390, -0.039250, 0.090149, 0.994885, 0.045574, 0.035021, -0.048899, 0.998190, 204.580109, 25.000000
2012-11-27 15:05:43.518, 3.066453, 0.136948, 0.083527, -1.278152, 0.995777, -0.082481, -0.040319, 0.084463, 0.995162, 0.050195, 0.035984, -0.053389, 0.997925, 205.580109, 25.000000
2012-11-27 15:05:43.550, 3.097924, -0.022705, 0.203278, -1.180710, 0.996639, -0.072304, -0.038503, 0.073989, 0.996274, 0.044315, 0.035155, -0.047015, 0.998275, 206.580109, 25.000000
2012-11-27 15:05:43.583, 3.130474, 0.017868, 0.054352, -0.853943, 0.997473, -0.062852, -0.033137, 0.064082, 0.997240, 0.037485, 0.030690, -0.039513, 0.998748, 207.580109, 25.000000
2012-11-27 15:05:43.614, 3.161798, 0.122498, -0.007126, -0.800018, 0.997989, -0.056438, -0.028871, 0.057814, 0.997112, 0.049245, 0.026009, -0.050815, 0.998369, 207.580109, 25.000000
2012-11-27 15:05:43.646, 3.193908, 0.126556, 0.111862, -0.970016, 0.998491, -0.048901, -0.024981, 0.050333, 0.996907, 0.060359, 0.021952, -0.061525, 0.997864, 207.580109, 25.000000
2012-11-27 15:05:43.677, 3.225167, 0.091568, 0.130539, -1.043655, 0.999003, -0.039112, -0.021502, 0.040271, 0.997597, 0.056375, 0.019246, -0.057185, 0.998178, 207.580109, 25.000000
2012-11-27 15:05:43.710, 3.256646, 0.051361, 0.051590, -0.985886, 0.999261, -0.029951, -0.024079, 0.030964, 0.998602, 0.042846, 0.022762, -0.043560, 0.998791, 207.580109, 25.000000
2012-11-27 15:05:43.740, 3.287965, -0.010590, 0.021301, -0.899780, 0.999477, -0.022335, -0.023378, 0.023298, 0.998857, 0.041737, 0.022420, -0.042260, 0.998855, 207.580109, 25.000000
2012-11-27 15:05:43.771, 3.319282, -0.020111, 0.006577, -0.853485, 0.999605, -0.015773, -0.023269, 0.016617, 0.999194, 0.036546, 0.022674, -0.036919, 0.999061, 207.580109, 25.000000
2012-11-27 15:05:43.803, 3.351142, 0.016266, -0.025986, -0.850952, 0.999724, -0.010300, -0.021108, 0.011082, 0.999244, 0.037273, 0.020708, -0.037497, 0.999082, 207.580109, 25.000000
2012-11-27 15:05:43.836, 3.383597, 0.013779, -0.017319, -0.878662, 0.999724, -0.010300, -0.021108, 0.011082, 0.999244, 0.037273, 0.020708, -0.037497, 0.999082, 207.580109, 25.000000
2012-11-27 15:05:43.866, 3.414177, 0.026443, -0.032837, -0.905151, 0.999817, -0.006834, -0.017845, 0.007444, 0.999383, 0.034327, 0.017599, -0.034454, 0.999251, 207.580109, 25.000000
2012-11-27 15:05:43.898, 3.446004, 0.031815, -0.073013, -0.934692, 0.999820, -0.008344, -0.017018, 0.008883, 0.999455, 0.031804, 0.016743, -0.031949, 0.999349, 207.580109, 25.000000
2012-11-27 15:05:43.930, 3.478227, 0.049622, -0.080658, -0.973969, 0.999820, -0.008344, -0.017018, 0.008883, 0.999455, 0.031804, 0.016743, -0.031949, 0.999349, 208.580109, 25.000000
2012-11-27 15:05:43.962, 3.509690, 0.063675, -0.098282, -1.047867, 0.999768, -0.012680, -0.017434, 0.013266, 0.999335, 0.033963, 0.016992, -0.034186, 0.999271, 209.580109, 25.000000
2012-11-27 15:05:43.993, 3.540837, 0.056961, -0.071182, -1.103317, 0.999482, -0.025079, -0.020160, 0.025819, 0.998970, 0.037322, 0.019204, -0.037823, 0.999100, 210.580109, 25.000000
2012-11-27 15:05:44.025, 3.573213, 0.049164, 0.004913, -1.148941, 0.999482, -0.025079, -0.020160, 0.025819, 0.998970, 0.037322, 0.019204, -0.037823, 0.999100, 212.580109, 25.000000
2012-11-27 15:05:44.057, 3.605294, 0.118088, -0.123779, -1.072754, 0.999260, -0.031229, -0.022469, 0.032139, 0.998627, 0.041355, 0.021146, -0.042047, 0.998892, 212.580109, 25.000000
2012-11-27 15:05:44.089, 3.636673, 0.065155, -0.162216, -1.123886, 0.999119, -0.036279, -0.021076, 0.037170, 0.998360, 0.043534, 0.019463, -0.044279, 0.998830, 212.580109, 25.000000
2012-11-27 15:05:44.119, 3.667394, -0.036728, 0.009827, -1.230209, 0.998831, -0.042001, -0.023917, 0.043219, 0.997662, 0.052943, 0.021638, -0.053914, 0.998311, 212.580109, 25.000000
2012-11-27 15:05:44.150, 3.698229, 0.037155, 0.158920, -1.302368, 0.998676, -0.046233, -0.022554, 0.047421, 0.997341, 0.055341, 0.019935, -0.056338, 0.998213, 213.580109, 25.000000
2012-11-27 15:05:44.182, 3.729845, 0.037750, 0.131165, -1.125443, 0.998522, -0.048486, -0.024544, 0.049682, 0.997475, 0.050742, 0.022022, -0.051886, 0.998410, 213.580109, 25.000000
2012-11-27 15:05:44.214, 3.761164, -0.026810, 0.080688, -0.915863, 0.998357, -0.051239, -0.025635, 0.052384, 0.997559, 0.046177, 0.023206, -0.047444, 0.998604, 213.580109, 25.000000
2012-11-27 15:05:44.245, 3.792954, -0.077667, 0.063309, -0.842468, 0.998160, -0.054573, -0.026435, 0.056008, 0.996802, 0.056993, 0.023240, -0.058368, 0.998025, 214.580109, 25.000000
2012-11-27 15:05:44.276, 3.824469, -0.050659, 0.071503, -0.892487, 0.997995, -0.057527, -0.026376, 0.059252, 0.995778, 0.070105, 0.022232, -0.071527, 0.997191, 214.580109, 25.000000
2012-11-27 15:05:44.308, 3.856163, 0.017929, 0.134186, -0.993317, 0.997849, -0.059137, -0.028294, 0.061146, 0.995202, 0.076384, 0.023641, -0.077949, 0.996677, 214.580109, 25.000000
2012-11-27 15:05:44.341, 3.888616, 0.033478, 0.126602, -1.001984, 0.997666, -0.061061, -0.030557, 0.063228, 0.995113, 0.075847, 0.025776, -0.077603, 0.996651, 214.580109, 25.000000
2012-11-27 15:05:44.371, 3.919350, 0.019638, 0.023849, -0.894409, 0.997377, -0.065152, -0.031542, 0.066819, 0.996247, 0.055023, 0.027839, -0.056987, 0.997987, 214.580109, 25.000000
2012-11-27 15:05:44.404, 3.951714, 0.014694, -0.097488, -0.836121, 0.996892, -0.071506, -0.033056, 0.072915, 0.996386, 0.043580, 0.029821, -0.045854, 0.998503, 215.580109, 25.000000
2012-11-27 15:05:44.435, 3.983513, -0.009583, -0.097000, -0.841400, 0.996218, -0.079025, -0.036125, 0.080572, 0.995796, 0.043583, 0.032529, -0.046329, 0.998396, 215.580109, 25.000000
2012-11-27 15:05:44.468, 4.015792, -0.004562, -0.057846, -0.876923, 0.995628, -0.084923, -0.038900, 0.086559, 0.995340, 0.042486, 0.035111, -0.045667, 0.998339, 215.580109, 25.000000
2012-11-27 15:05:44.499, 4.047504, 0.011490, -0.044876, -0.897446, 0.995355, -0.086781, -0.041685, 0.088441, 0.995287, 0.039774, 0.038037, -0.043276, 0.998339, 215.580109, 25.000000
2012-11-27 15:05:44.531, 4.079567, -0.007797, -0.048264, -0.923431, 0.995326, -0.086020, -0.043884, 0.087622, 0.995504, 0.035979, 0.040592, -0.039656, 0.998389, 215.580109, 25.000000
2012-11-27 15:05:44.563, 4.111073, -0.030396, -0.063446, -0.938553, 0.995390, -0.084653, -0.045076, 0.086141, 0.995764, 0.032165, 0.042162, -0.035900, 0.998466, 216.580109, 25.000000
2012-11-27 15:05:44.595, 4.142575, -0.007019, -0.076797, -0.959961, 0.995495, -0.083016, -0.045808, 0.084396, 0.996008, 0.029073, 0.043211, -0.032808, 0.998527, 216.580109, 25.000000
2012-11-27 15:05:44.626, 4.173723, 0.029587, -0.118347, -0.995972, 0.995847, -0.080701, -0.042154, 0.082110, 0.996082, 0.032850, 0.039338, -0.036175, 0.998571, 216.580109, 25.000000
2012-11-27 15:05:44.658, 4.205822, 0.011841, -0.061462, -1.159302, 0.996096, -0.077172, -0.042859, 0.078916, 0.996054, 0.040614, 0.039556, -0.043837, 0.998255, 216.580109, 25.000000
2012-11-27 15:05:44.689, 4.237342, -0.070312, -0.059372, -1.229660, 0.996279, -0.073287, -0.045359, 0.075155, 0.996331, 0.040936, 0.042192, -0.044193, 0.998132, 216.580109, 25.000000
2012-11-27 15:05:44.721, 4.268850, -0.056564, -0.079498, -1.179047, 0.996279, -0.073287, -0.045359, 0.075155, 0.996331, 0.040936, 0.042192, -0.044193, 0.998132, 216.580109, 25.000000
2012-11-27 15:05:44.752, 4.299730, 0.101913, -0.068680, -1.198532, 0.996675, -0.067858, -0.045110, 0.070181, 0.996174, 0.052080, 0.041403, -0.055073, 0.997624, 216.580109, 25.000000
2012-11-27 15:05:44.784, 4.332008, -0.004227, 0.201004, -1.371170, 0.997117, -0.061949, -0.043827, 0.064035, 0.996797, 0.047910, 0.040719, -0.050578, 0.997890, 216.580109, 25.000000
2012-11-27 15:05:44.816, 4.363693, -0.053162, 0.205093, -1.061569, 0.997117, -0.061949, -0.043827, 0.064035, 0.996797, 0.047910, 0.040719, -0.050578, 0.997890, 216.580109, 25.000000
2012-11-27 15:05:44.847, 4.394941, 0.108215, 0.032578, -0.853622, 0.997598, -0.057157, -0.039135, 0.058612, 0.997591, 0.037102, 0.036920, -0.039307, 0.998545, 216.580109, 25.000000
2012-11-27 15:05:44.878, 4.426100, 0.186951, 0.030243, -0.827789, 0.997910, -0.052834, -0.037214, 0.054859, 0.996940, 0.055692, 0.034158, -0.057617, 0.997754, 216.580109, 25.000000
2012-11-27 15:05:44.910, 4.458331, 0.144897, 0.149429, -0.972733, 0.997910, -0.052834, -0.037214, 0.054859, 0.996940, 0.055692, 0.034158, -0.057617, 0.997754, 216.580109, 25.000000
2012-11-27 15:05:44.945, 4.490170, 0.071594, 0.107605, -1.044907, 0.998211, -0.047879, -0.035820, 0.049743, 0.997350, 0.053094, 0.033183, -0.054780, 0.997947, 219.580109, 25.000000
2012-11-27 15:05:44.974, 4.521747, -0.004425, 0.056473, -0.957031, 0.998510, -0.041685, -0.035202, 0.043171, 0.998160, 0.042585, 0.033362, -0.044042, 0.998473, 221.580109, 25.000000
2012-11-27 15:05:45.005, 4.552955, 0.033752, 0.003601, -0.882339, 0.998724, -0.035350, -0.036070, 0.036609, 0.998721, 0.034859, 0.034791, -0.036135, 0.998741, 222.580109, 25.000000
2012-11-27 15:05:45.036, 4.584051, 0.052826, -0.026428, -0.895874, 0.998901, -0.031068, -0.035100, 0.032228, 0.998936, 0.032986, 0.034038, -0.034081, 0.998839, 223.580109, 25.000000
2012-11-27 15:05:45.068, 4.616052, 0.035950, -0.010223, -0.931702, 0.999061, -0.026583, -0.034223, 0.027642, 0.999142, 0.030835, 0.033374, -0.031752, 0.998938, 224.580109, 25.000000
2012-11-27 15:05:45.099, 4.646974, 0.000351, 0.022415, -0.918396, 0.999209, -0.022231, -0.032976, 0.023127, 0.999366, 0.027057, 0.032353, -0.027798, 0.999090, 226.580109, 25.000000
2012-11-27 15:05:45.131, 4.678936, 0.008179, 0.018631, -0.927185, 0.999305, -0.020353, -0.031222, 0.021145, 0.999457, 0.025267, 0.030691, -0.025909, 0.999193, 226.580109, 25.000000
2012-11-27 15:05:45.162, 4.710187, 0.017395, -0.040817, -0.893417, 0.999341, -0.020324, -0.030063, 0.021046, 0.999493, 0.023886, 0.029562, -0.024503, 0.999263, 226.580109, 25.000000
2012-11-27 15:05:45.194, 4.742130, 0.027847, -0.063202, -0.910049, 0.999314, -0.023127, -0.028907, 0.023811, 0.999440, 0.023518, 0.028347, -0.024191, 0.999305, 226.580109, 25.000000
2012-11-27 15:05:45.226, 4.773866, 0.048691, -0.053406, -1.022400, 0.999217, -0.029658, -0.026205, 0.030263, 0.999277, 0.022994, 0.025504, -0.023769, 0.999392, 226.580109, 25.000000
2012-11-27 15:05:45.258, 4.805942, 0.074066, 0.013092, -1.183151, 0.999018, -0.036157, -0.025590, 0.036730, 0.999077, 0.022290, 0.024760, -0.023208, 0.999424, 226.580109, 25.000000
2012-11-27 15:05:45.290, 4.837741, 0.064896, 0.007141, -1.156616, 0.998716, -0.042382, -0.027761, 0.042903, 0.998909, 0.018435, 0.026949, -0.019602, 0.999445, 226.580109, 25.000000
2012-11-27 15:05:45.322, 4.869928, 0.071121, -0.093414, -1.100128, 0.998514, -0.048103, -0.025617, 0.048601, 0.998634, 0.019201, 0.024659, -0.020418, 0.999487, 226.580109, 25.000000
2012-11-27 15:05:45.355, 4.902418, 0.012268, -0.043839, -1.166229, 0.998271, -0.055045, -0.020627, 0.055568, 0.998124, 0.025696, 0.019174, -0.026797, 0.999457, 228.580109, 25.000000
2012-11-27 15:05:45.386, 4.933952, 0.034332, 0.132538, -1.267807, 0.997964, -0.061079, -0.018347, 0.061623, 0.997626, 0.030726, 0.016427, -0.031794, 0.999359, 229.580109, 25.000000
2012-11-27 15:05:45.418, 4.966391, 0.041275, 0.266754, -1.307297, 0.997718, -0.064915, -0.018544, 0.065439, 0.997430, 0.029172, 0.016603, -0.030319, 0.999402, 230.580109, 25.000000
2012-11-27 15:05:45.451, 4.998407, 0.045059, 0.125916, -0.990952, 0.997581, -0.067310, -0.017372, 0.067735, 0.997386, 0.025178, 0.015632, -0.026293, 0.999532, 231.580109, 25.000000
2012-11-27 15:05:45.483, 5.030471, 0.012222, 0.033783, -0.817444, 0.997536, -0.067867, -0.017751, 0.068455, 0.997043, 0.034912, 0.015329, -0.036041, 0.999233, 232.580109, 25.000000
2012-11-27 15:05:45.514, 5.062205, -0.015366, 0.081009, -0.890015, 0.997564, -0.066756, -0.020260, 0.067655, 0.996576, 0.047534, 0.017017, -0.048789, 0.998664, 233.580109, 25.000000
2012-11-27 15:05:45.546, 5.093831, -0.037415, 0.159668, -0.968445, 0.997581, -0.065691, -0.022728, 0.066724, 0.996610, 0.048125, 0.019490, -0.049525, 0.998583, 233.580109, 25.000000
2012-11-27 15:05:45.578, 5.126156, -0.017502, 0.161880, -1.003708, 0.997570, -0.064948, -0.025213, 0.065970, 0.996935, 0.042051, 0.022405, -0.043612, 0.998797, 233.580109, 25.000000
2012-11-27 15:05:45.611, 5.159120, 0.029160, 0.049423, -0.917038, 0.997573, -0.065039, -0.024852, 0.065597, 0.997597, 0.022317, 0.023341, -0.023893, 0.999442, 233.580109, 25.000000
2012-11-27 15:05:45.642, 5.190161, 0.037537, -0.031433, -0.840759, 0.997473, -0.066197, -0.025817, 0.066463, 0.997743, 0.009589, 0.025124, -0.011280, 0.999621, 233.580109, 25.000000
2012-11-27 15:05:45.674, 5.222007, 0.026886, -0.050415, -0.886368, 0.997296, -0.067882, -0.028139, 0.068095, 0.997657, 0.006673, 0.027620, -0.008571, 0.999582, 233.580109, 25.000000
2012-11-27 15:05:45.706, 5.254281, 0.029663, 0.006210, -0.954544, 0.997224, -0.067615, -0.031179, 0.067733, 0.997700, 0.002741, 0.030922, -0.004846, 0.999510, 233.580109, 25.000000
2012-11-27 15:05:45.737, 5.285619, 0.011673, 0.016495, -0.990372, 0.997416, -0.063455, -0.033696, 0.063394, 0.997984, -0.002871, 0.033810, 0.000728, 0.999428, 233.580109, 25.000000
2012-11-27 15:05:45.769, 5.316903, 0.007401, -0.004761, -0.896530, 0.997732, -0.057094, -0.035644, 0.057019, 0.998368, -0.003142, 0.035765, 0.001102, 0.999360, 233.580109, 25.000000
2012-11-27 15:05:45.801, 5.348812, -0.030304, 0.026550, -0.966278, 0.997732, -0.057094, -0.035644, 0.057019, 0.998368, -0.003142, 0.035765, 0.001102, 0.999360, 233.580109, 25.000000
2012-11-27 15:05:45.832, 5.380582, -0.013702, 0.009109, -1.001602, 0.998163, -0.048197, -0.036713, 0.048284, 0.998833, 0.001493, 0.036598, -0.003263, 0.999325, 233.580109, 25.000000
2012-11-27 15:05:45.865, 5.412422, 0.033218, -0.064270, -0.961349, 0.999052, -0.026961, -0.034189, 0.027096, 0.999627, 0.003478, 0.034082, -0.004401, 0.999409, 233.580109, 25.000000
2012-11-27 15:05:45.895, 5.443372, 0.033936, -0.087845, -0.980103, 0.999052, -0.026961, -0.034189, 0.027096, 0.999627, 0.003478, 0.034082, -0.004401, 0.999409, 233.580109, 25.000000
2012-11-27 15:05:45.927, 5.475347, -0.027847, -0.113602, -0.997772, 0.999233, -0.018059, -0.034738, 0.018486, 0.999757, 0.012003, 0.034513, -0.012636, 0.999324, 233.580109, 25.000000
2012-11-27 15:05:45.959, 5.506999, -0.061554, -0.057861, -1.125763, 0.999324, -0.007451, -0.036003, 0.007962, 0.999869, 0.014058, 0.035894, -0.014335, 0.999253, 233.580109, 25.000000
2012-11-27 15:05:45.991, 5.538964, -0.029312, 0.034424, -1.240982, 0.999341, 0.004242, -0.036038, -0.003360, 0.999694, 0.024516, 0.036131, -0.024378, 0.999050, 233.580109, 25.000000
2012-11-27 15:05:46.022, 5.569835, 0.014908, 0.021683, -1.200821, 0.999453, 0.015539, -0.029202, -0.014694, 0.999474, 0.028918, 0.029636, -0.028473, 0.999155, 233.580109, 25.000000
2012-11-27 15:05:46.054, 5.601886, 0.001495, -0.045654, -1.065582, 0.999291, 0.026254, -0.026969, -0.025446, 0.999229, 0.029903, 0.027733, -0.029196, 0.999189, 233.580109, 25.000000
2012-11-27 15:05:46.086, 5.634411, 0.001282, 0.031631, -1.087372, 0.999069, 0.035791, -0.024079, -0.034950, 0.998793, 0.034513, 0.025285, -0.033639, 0.999114, 233.580109, 25.000000
2012-11-27 15:05:46.118, 5.666148, -0.052628, 0.138504, -1.050659, 0.998964, 0.041043, -0.019640, -0.040304, 0.998515, 0.036661, 0.021116, -0.035831, 0.999135, 233.580109, 25.000000
2012-11-27 15:05:46.150, 5.697711, 0.094452, 0.053345, -0.997116, 0.998879, 0.045135, -0.014253, -0.044629, 0.998423, 0.034049, 0.015768, -0.033375, 0.999318, 233.580109, 25.000000
2012-11-27 15:05:46.182, 5.729716, 0.090942, 0.063004, -1.017929, 0.998632, 0.052062, -0.004859, -0.051902, 0.998243, 0.028588, 0.006339, -0.028296, 0.999579, 233.580109, 25.000000
2012-11-27 15:05:46.215, 5.762688, 0.023636, 0.095230, -0.957657, 0.998150, 0.060701, -0.003595, -0.060570, 0.997729, 0.029459, 0.005375, -0.029187, 0.999560, 233.580109, 25.000000
2012-11-27 15:05:46.246, 5.794237, 0.066071, 0.060715, -0.973816, 0.997805, 0.066118, 0.003567, -0.066201, 0.997229, 0.033928, -0.001314, -0.034089, 0.999418, 233.580109, 25.000000
2012-11-27 15:05:46.278, 5.826258, 0.086151, 0.088196, -1.072342, 0.997579, 0.069372, 0.004930, -0.069486, 0.997160, 0.029027, -0.002902, -0.029299, 0.999566, 232.580109, 25.000000
2012-11-27 15:05:46.310, 5.858130, 0.113586, 0.067307, -1.029465, 0.997228, 0.074292, 0.004079, -0.074374, 0.996881, 0.026387, -0.002106, -0.026617, 0.999644, 232.580109, 25.000000
2012-11-27 15:05:46.341, 5.889336, 0.075912, 0.033600, -0.939072, 0.996949, 0.078045, 0.001029, -0.078047, 0.996672, 0.023546, 0.000812, -0.023555, 0.999722, 232.580109, 25.000000
2012-11-27 15:05:46.374, 5.921909, 0.069260, 0.020584, -0.982635, 0.996726, 0.080537, -0.007135, -0.080383, 0.996567, 0.019799, 0.008705, -0.019160, 0.999779, 231.580109, 25.000000
2012-11-27 15:05:46.405, 5.952901, 0.123764, 0.003937, -0.998657, 0.996318, 0.084710, -0.013186, -0.084483, 0.996282, 0.016865, 0.014566, -0.015689, 0.999771, 229.580109, 25.000000
2012-11-27 15:05:46.437, 5.985156, 0.034042, 0.026489, -1.058243, 0.995836, 0.088813, -0.020551, -0.088527, 0.995969, 0.014460, 0.021752, -0.012580, 0.999684, 227.580109, 25.000000
2012-11-27 15:05:46.470, 6.017109, 0.068451, -0.013000, -1.063660, 0.995494, 0.091153, -0.026145, -0.090836, 0.995780, 0.013060, 0.027225, -0.010627, 0.999573, 224.580109, 25.000000
2012-11-27 15:05:46.502, 6.049975, 0.018890, 0.069092, -1.117798, 0.995382, 0.092240, -0.026584, -0.091942, 0.995690, 0.012205, 0.027595, -0.009704, 0.999572, 223.580109, 25.000000
2012-11-27 15:05:46.536, 6.081525, 0.034348, 0.082275, -1.077057, 0.995068, 0.094175, -0.031171, -0.093809, 0.995505, 0.013025, 0.032257, -0.010036, 0.999429, 221.580109, 25.000000
2012-11-27 15:05:46.565, 6.113149, 0.106995, -0.018982, -1.026535, 0.995062, 0.093852, -0.032308, -0.093343, 0.995490, 0.016919, 0.033751, -0.013820, 0.999335, 220.580109, 25.000000
2012-11-27 15:05:46.598, 6.145413, 0.084183, -0.123856, -0.905258, 0.995320, 0.090390, -0.034181, -0.089791, 0.995785, 0.018678, 0.035726, -0.015522, 0.999241, 219.580109, 25.000000
2012-11-27 15:05:46.628, 6.175922, -0.027145, 0.040375, -0.960312, 0.995328, 0.088646, -0.038273, -0.087480, 0.995679, 0.031152, 0.040869, -0.027658, 0.998782, 219.580109, 25.000000
2012-11-27 15:05:46.660, 6.207659, -0.052979, 0.167877, -1.053635, 0.995006, 0.091396, -0.040124, -0.090042, 0.995346, 0.034341, 0.043076, -0.030557, 0.998604, 219.580109, 25.000000
2012-11-27 15:05:46.691, 6.239667, 0.027802, 0.098190, -0.978333, 0.995098, 0.091618, -0.037226, -0.090455, 0.995392, 0.031807, 0.039969, -0.028284, 0.998801, 219.580109, 25.000000
2012-11-27 15:05:46.722, 6.269609, 0.084335, -0.012100, -0.894455, 0.995651, 0.085852, -0.036171, -0.084573, 0.995783, 0.035539, 0.039069, -0.032325, 0.998713, 219.580109, 25.000000
2012-11-27 15:05:46.752, 6.300553, 0.092911, -0.044769, -1.035629, 0.996021, 0.080703, -0.037792, -0.079251, 0.996112, 0.038473, 0.040750, -0.035325, 0.998545, 219.580109, 25.000000
2012-11-27 15:05:46.785, 6.333025, 0.060684, -0.038818, -1.118103, 0.996021, 0.080703, -0.037792, -0.079251, 0.996112, 0.038473, 0.040750, -0.035325, 0.998545, 219.580109, 25.000000
2012-11-27 15:05:46.817, 6.364729, 0.032166, -0.053116, -1.125412, 0.996262, 0.077042, -0.039061, -0.075722, 0.996542, 0.034214, 0.041562, -0.031128, 0.998651, 219.580109, 25.000000
2012-11-27 15:05:46.848, 6.395648, -0.029053, -0.026413, -0.999832, 0.996255, 0.075177, -0.042711, -0.073947, 0.996820, 0.029689, 0.044807, -0.026420, 0.998646, 219.580109, 25.000000
2012-11-27 15:05:46.879, 6.426518, -0.047119, 0.060501, -0.972473, 0.996255, 0.075177, -0.042711, -0.073947, 0.996820, 0.029689, 0.044807, -0.026420, 0.998646, 219.580109, 25.000000
2012-11-27 15:05:46.910, 6.458405, -0.006546, 0.053223, -1.042053, 0.996102, 0.076774, -0.043444, -0.075423, 0.996640, 0.031925, 0.045749, -0.028523, 0.998546, 220.580109, 25.000000
2012-11-27 15:05:46.943, 6.490686, 0.009216, -0.017853, -1.005203, 0.996199, 0.076171, -0.042256, -0.074983, 0.996762, 0.029031, 0.044331, -0.025752, 0.998685, 221.580109, 25.000000
2012-11-27 15:05:46.974, 6.521724, 0.052017, -0.036697, -1.028305, 0.996646, 0.072402, -0.038133, -0.071552, 0.997167, 0.023224, 0.039706, -0.020418, 0.999003, 223.580109, 25.000000
2012-11-27 15:05:47.005, 6.553550, 0.052383, -0.042740, -1.076736, 0.997026, 0.067425, -0.037314, -0.066682, 0.997557, 0.020802, 0.038626, -0.018252, 0.999087, 223.580109, 25.000000
2012-11-27 15:05:47.037, 6.584676, 0.007767, -0.017090, -1.052658, 0.997328, 0.062343, -0.038078, -0.061671, 0.997924, 0.018570, 0.039156, -0.016172, 0.999102, 223.580109, 25.000000
2012-11-27 15:05:47.068, 6.616365, 0.030121, 0.012589, -1.083984, 0.997554, 0.058732, -0.037909, -0.058119, 0.998163, 0.017088, 0.038843, -0.014843, 0.999135, 223.580109, 25.000000
2012-11-27 15:05:47.099, 6.646987, 0.030304, -0.010742, -1.051361, 0.997689, 0.056367, -0.037937, -0.055799, 0.998316, 0.015860, 0.038768, -0.013707, 0.999154, 223.580109, 25.000000
2012-11-27 15:05:47.130, 6.678182, 0.026016, -0.038971, -0.971375, 0.997793, 0.053405, -0.039454, -0.052856, 0.998492, 0.014826, 0.040186, -0.012708, 0.999111, 223.580109, 25.000000
2012-11-27 15:05:47.161, 6.709500, -0.000992, -0.003464, -1.027115, 0.997929, 0.049896, -0.040593, -0.049271, 0.998653, 0.016251, 0.041349, -0.014217, 0.999044, 223.580109, 25.000000
2012-11-27 15:05:47.193, 6.741544, -0.014847, 0.012772, -1.073761, 0.998050, 0.047424, -0.040579, -0.046803, 0.998774, 0.016117, 0.041294, -0.014186, 0.999046, 223.580109, 25.000000
2012-11-27 15:05:47.226, 6.774396, 0.011490, 0.017212, -1.066467, 0.998126, 0.046056, -0.040298, -0.045558, 0.998874, 0.013210, 0.040861, -0.011349, 0.999100, 224.580109, 25.000000
2012-11-27 15:05:47.258, 6.806450, 0.038361, -0.004761, -1.065063, 0.998325, 0.042981, -0.038719, -0.042593, 0.999034, 0.010804, 0.039146, -0.009137, 0.999192, 224.580109, 25.000000
2012-11-27 15:05:47.291, 6.839242, 0.042160, -0.037857, -1.023514, 0.998467, 0.038750, -0.039522, -0.038368, 0.999210, 0.010370, 0.039893, -0.008837, 0.999165, 225.580109, 25.000000
2012-11-27 15:05:47.323, 6.871063, 0.038391, -0.060318, -0.983032, 0.998542, 0.035728, -0.040461, -0.035281, 0.999309, 0.011708, 0.040852, -0.010264, 0.999112, 226.580109, 25.000000
2012-11-27 15:05:47.355, 6.902891, -0.005142, -0.012314, -1.021225, 0.998625, 0.033865, -0.040028, -0.033304, 0.999339, 0.014582, 0.040496, -0.013229, 0.999092, 227.580109, 25.000000
