start, 2012-11-26 15:08:25.520, 30
timestamp, sec, x, y, z, m11, m12, m13, m21, m22, m23, m31, m32, m33, heading, heading_acc
2012-11-26 15:08:25.559, 0.000000, 0.053345, -0.025970, -1.042130, 0.950497, 0.310289, -0.016620, -0.310660, 0.950077, -0.029067, 0.006771, 0.032791, 0.999439, 0.830368, 25.000000
2012-11-26 15:08:25.561, 0.036853, 0.043747, -0.028824, -0.968155, 0.950497, 0.310289, -0.016620, -0.310660, 0.950077, -0.029067, 0.006771, 0.032791, 0.999439, 0.830368, 25.000000
2012-11-26 15:08:25.563, 0.071313, 0.036331, -0.024170, -0.997894, 0.950497, 0.310289, -0.016620, -0.310660, 0.950077, -0.029067, 0.006771, 0.032791, 0.999439, 0.830368, 25.000000
2012-11-26 15:08:25.566, 0.107351, 0.037903, -0.035843, -0.982071, 0.950497, 0.310289, -0.016620, -0.310660, 0.950077, -0.029067, 0.006771, 0.032791, 0.999439, 0.830368, 25.000000
2012-11-26 15:08:25.591, 0.138781, 0.022247, -0.037109, -0.979309, 0.950497, 0.310289, -0.016620, -0.310660, 0.950077, -0.029067, 0.006771, 0.032791, 0.999439, 0.830368, 25.000000
2012-11-26 15:08:25.622, 0.170250, 0.027542, -0.024338, -0.997040, 0.950497, 0.310289, -0.016620, -0.310660, 0.950077, -0.029067, 0.006771, 0.032791, 0.999439, 0.830368, 25.000000
2012-11-26 15:08:25.655, 0.202872, 0.033173, -0.007721, -1.038467, 0.950497, 0.310289, -0.016620, -0.310660, 0.950077, -0.029067, 0.006771, 0.032791, 0.999439, 0.830368, 25.000000
2012-11-26 15:08:25.686, 0.234197, 0.034698, -0.021347, -1.022629, 0.950497, 0.310289, -0.016620, -0.310660, 0.950077, -0.029067, 0.006771, 0.032791, 0.999439, 0.830368, 25.000000
2012-11-26 15:08:25.718, 0.266126, 0.040314, -0.026093, -1.009705, 0.950497, 0.310289, -0.016620, -0.310660, 0.950077, -0.029067, 0.006771, 0.032791, 0.999439, 0.830368, 25.000000
2012-11-26 15:08:25.750, 0.298333, 0.035950, -0.045761, -1.001846, 0.950497, 0.310289, -0.016620, -0.310660, 0.950077, -0.029067, 0.006771, 0.032791, 0.999439, 0.830368, 25.000000
2012-11-26 15:08:25.782, 0.329916, 0.043762, -0.044617, -1.000748, 0.950497, 0.310289, -0.016620, -0.310660, 0.950077, -0.029067, 0.006771, 0.032791, 0.999439, 0.830368, 25.000000
2012-11-26 15:08:25.813, 0.361487, 0.041855, -0.044662, -1.005722, 0.950497, 0.310289, -0.016620, -0.310660, 0.950077, -0.029067, 0.006771, 0.032791, 0.999439, 0.830368, 25.000000
2012-11-26 15:08:25.846, 0.393689, 0.036270, -0.037964, -1.018646, 0.950497, 0.310289, -0.016620, -0.310660, 0.950077, -0.029067, 0.006771, 0.032791, 0.999439, 0.830368, 25.000000
2012-11-26 15:08:25.877, 0.425475, 0.034317, -0.037994, -1.018677, 0.950497, 0.310289, -0.016620, -0.310660, 0.950077, -0.029067, 0.006771, 0.032791, 0.999439, 0.830368, 25.000000
2012-11-26 15:08:25.909, 0.457167, 0.019943, -0.027527, -1.024811, 0.950497, 0.310289, -0.016620, -0.310660, 0.950077, -0.029067, 0.006771, 0.032791, 0.999439, 0.830368, 25.000000
2012-11-26 15:08:25.942, 0.489897, 0.038361, -0.025146, -1.006760, 0.950497, 0.310289, -0.016620, -0.310660, 0.950077, -0.029067, 0.006771, 0.032791, 0.999439, 0.830368, 25.000000
2012-11-26 15:08:25.973, 0.521594, 0.060760, -0.031601, -1.014343, 0.950497, 0.310289, -0.016620, -0.310660, 0.950077, -0.029067, 0.006771, 0.032791, 0.999439, 0.830368, 25.000000
2012-11-26 15:08:26.007, 0.555077, 0.046402, -0.049377, -0.982925, 0.950497, 0.310289, -0.016620, -0.310660, 0.950077, -0.029067, 0.006771, 0.032791, 0.999439, 0.830368, 25.000000
2012-11-26 15:08:26.039, 0.587249, 0.023224, -0.037094, -0.981293, 0.950497, 0.310289, -0.016620, -0.310660, 0.950077, -0.029067, 0.006771, 0.032791, 0.999439, 0.830368, 25.000000
2012-11-26 15:08:26.070, 0.618017, 0.019669, -0.019547, -0.982330, 0.950497, 0.310289, -0.016620, -0.310660, 0.950077, -0.029067, 0.006771, 0.032791, 0.999439, 0.830368, 25.000000
2012-11-26 15:08:26.102, 0.650290, 0.015686, -0.027481, -0.989304, 0.950497, 0.310289, -0.016620, -0.310660, 0.950077, -0.029067, 0.006771, 0.032791, 0.999439, 0.830368, 25.000000
2012-11-26 15:08:26.134, 0.682554, 0.029587, -0.026291, -1.009857, 0.950497, 0.310289, -0.016620, -0.310660, 0.950077, -0.029067, 0.006771, 0.032791, 0.999439, 0.830368, 25.000000
2012-11-26 15:08:26.166, 0.714679, 0.031357, -0.006821, -1.050354, 0.950497, 0.310289, -0.016620, -0.310660, 0.950077, -0.029067, 0.006771, 0.032791, 0.999439, 0.830368, 25.000000
2012-11-26 15:08:26.198, 0.746149, 0.025360, -0.009857, -1.042526, 0.950497, 0.310289, -0.016620, -0.310660, 0.950077, -0.029067, 0.006771, 0.032791, 0.999439, 0.830368, 25.000000
2012-11-26 15:08:26.230, 0.777805, 0.028976, -0.012650, -1.019745, 0.950497, 0.310289, -0.016620, -0.310660, 0.950077, -0.029067, 0.006771, 0.032791, 0.999439, 0.830368, 25.000000
2012-11-26 15:08:26.262, 0.810014, 0.015411, -0.006027, -1.016998, 0.950497, 0.310289, -0.016620, -0.310660, 0.950077, -0.029067, 0.006771, 0.032791, 0.999439, 0.830368, 25.000000
2012-11-26 15:08:26.293, 0.841592, -0.000122, 0.006439, -0.998444, 0.999329, 0.003458, -0.036453, -0.002325, 0.999515, 0.031060, 0.036543, -0.030954, 0.998853, 0.830368, 25.000000
2012-11-26 15:08:26.325, 0.873340, 0.001465, -0.011108, -0.994461, 0.999436, 0.004439, -0.033291, -0.003512, 0.999606, 0.027835, 0.033401, -0.027702, 0.999058, 0.830368, 25.000000
2012-11-26 15:08:26.358, 0.905685, 0.010864, -0.029572, -0.999252, 0.999436, 0.004439, -0.033291, -0.003512, 0.999606, 0.027835, 0.033401, -0.027702, 0.999058, 0.830368, 25.000000
2012-11-26 15:08:26.390, 0.938434, 0.017624, -0.030396, -0.995209, 0.999553, 0.003524, -0.029675, -0.002768, 0.999672, 0.025476, 0.029755, -0.025383, 0.999235, 0.830368, 25.000000
2012-11-26 15:08:26.421, 0.969438, 0.016571, -0.002151, -1.026871, 0.999641, 0.001726, -0.026725, -0.001039, 0.999669, 0.025690, 0.026760, -0.025653, 0.999313, 0.830368, 25.000000
2012-11-26 15:08:26.452, 1.000575, 0.008926, -0.000366, -1.036865, 0.999641, 0.001726, -0.026725, -0.001039, 0.999669, 0.025690, 0.026760, -0.025653, 0.999313, 0.830368, 25.000000
2012-11-26 15:08:26.484, 1.032513, 0.006073, -0.023773, -0.994400, 0.999679, 0.001831, -0.025275, -0.001283, 0.999765, 0.021643, 0.025308, -0.021603, 0.999446, 0.830368, 25.000000
2012-11-26 15:08:26.517, 1.064624, 0.026703, -0.029343, -1.020767, 0.999784, 0.000753, -0.020754, -0.000396, 0.999852, 0.017188, 0.020764, -0.017176, 0.999637, 0.830368, 25.000000
2012-11-26 15:08:26.548, 1.096341, 0.038803, -0.022324, -1.045303, 0.999810, -0.000630, -0.019490, 0.001014, 0.999806, 0.019674, 0.019473, -0.019690, 0.999617, 0.830368, 25.000000
2012-11-26 15:08:26.580, 1.128474, 0.049423, -0.023087, -1.037231, 0.999787, -0.001347, -0.020605, 0.001753, 0.999804, 0.019714, 0.020575, -0.019746, 0.999593, 0.830368, 25.000000
2012-11-26 15:08:26.611, 1.159591, 0.041122, -0.034897, -1.009689, 0.999776, -0.002206, -0.021055, 0.002643, 0.999780, 0.020791, 0.021005, -0.020842, 0.999562, 0.830368, 25.000000
2012-11-26 15:08:26.644, 1.192022, 0.028046, -0.041931, -0.986160, 0.999756, -0.002779, -0.021922, 0.003263, 0.999751, 0.022078, 0.021855, -0.022144, 0.999516, 0.830368, 25.000000
2012-11-26 15:08:26.675, 1.223415, 0.020767, -0.028412, -1.009979, 0.999731, -0.002358, -0.023067, 0.002937, 0.999681, 0.025080, 0.023001, -0.025141, 0.999419, 0.830368, 25.000000
2012-11-26 15:08:26.708, 1.256002, 0.019882, -0.020584, -1.005051, 0.999713, -0.001431, -0.023914, 0.002073, 0.999637, 0.026855, 0.023866, -0.026897, 0.999353, 0.830368, 25.000000
2012-11-26 15:08:26.740, 1.288120, 0.030273, -0.038025, -1.005890, 0.999681, -0.000297, -0.025271, 0.001016, 0.999594, 0.028469, 0.025253, -0.028486, 0.999275, 0.830368, 25.000000
2012-11-26 15:08:26.772, 1.320348, 0.031143, -0.038956, -0.996002, 0.999671, 0.000202, -0.025641, 0.000520, 0.999604, 0.028145, 0.025637, -0.028149, 0.999275, 54.206635, 25.000000
2012-11-26 15:08:26.804, 1.351993, 0.020523, -0.034271, -0.998123, 0.999657, 0.000606, -0.026181, 0.000159, 0.999573, 0.029218, 0.026187, -0.029212, 0.999230, 54.206635, 25.000000
2012-11-26 15:08:26.837, 1.384672, 0.018478, -0.006012, -1.031769, 0.999629, 0.001724, -0.027188, -0.000890, 0.999529, 0.030661, 0.027228, -0.030625, 0.999160, 54.206635, 25.000000
2012-11-26 15:08:26.869, 1.416943, 0.021088, -0.014709, -1.014923, 0.999645, 0.002568, -0.026533, -0.001773, 0.999549, 0.029970, 0.026598, -0.029912, 0.999199, 54.206635, 25.000000
2012-11-26 15:08:26.900, 1.448137, 0.032501, -0.027237, -1.010803, 0.999646, 0.002342, -0.026485, -0.001548, 0.999550, 0.029956, 0.026544, -0.029904, 0.999200, 54.206635, 25.000000
2012-11-26 15:08:26.932, 1.480202, 0.041489, -0.052429, -0.985947, 0.999647, 0.001314, -0.026551, -0.000519, 0.999552, 0.029940, 0.026578, -0.029916, 0.999199, 54.206635, 25.000000
2012-11-26 15:08:26.964, 1.511889, 0.029831, -0.047745, -0.979202, 0.999625, 0.000099, -0.027366, 0.000740, 0.999530, 0.030648, 0.027356, -0.030657, 0.999156, 54.206635, 25.000000
2012-11-26 15:08:26.996, 1.544218, 0.036148, -0.040878, -1.011719, 0.999560, -0.000484, -0.029663, 0.001466, 0.999451, 0.033101, 0.029630, -0.033130, 0.999012, 54.206635, 25.000000
2012-11-26 15:08:27.027, 1.575519, 0.026779, -0.024414, -1.018799, 0.999537, -0.000344, -0.030412, 0.001305, 0.999499, 0.031610, 0.030386, -0.031635, 0.999038, 54.206635, 25.000000
2012-11-26 15:08:27.061, 1.609099, 0.035873, -0.020401, -1.041382, 0.999470, 0.000544, -0.032546, 0.000452, 0.999532, 0.030591, 0.032548, -0.030590, 0.999002, 54.206635, 25.000000
2012-11-26 15:08:27.093, 1.641003, 0.037262, -0.037949, -1.020599, 0.999426, 0.000564, -0.033859, 0.000430, 0.999569, 0.029344, 0.033861, -0.029342, 0.998996, 54.206635, 25.000000
2012-11-26 15:08:27.124, 1.672268, 0.038910, -0.044724, -1.002792, 0.999399, -0.000332, -0.034671, 0.001342, 0.999575, 0.029104, 0.034647, -0.029133, 0.998975, 54.206635, 25.000000
2012-11-26 15:08:27.155, 1.703544, 0.029617, -0.032242, -1.025665, 0.999355, -0.000965, -0.035895, 0.002049, 0.999542, 0.030178, 0.035849, -0.030232, 0.998900, 54.206635, 25.000000
2012-11-26 15:08:27.187, 1.735478, 0.031204, -0.037994, -1.000931, 0.999347, -0.000864, -0.036127, 0.001972, 0.999529, 0.030641, 0.036084, -0.030692, 0.998877, 54.206635, 25.000000
2012-11-26 15:08:27.219, 1.767158, 0.029221, -0.039001, -0.998993, 0.999385, -0.001004, -0.035065, 0.002096, 0.999513, 0.031121, 0.035016, -0.031176, 0.998900, 54.206635, 25.000000
2012-11-26 15:08:27.250, 1.798607, 0.038025, -0.043762, -1.009735, 0.999362, -0.001089, -0.035690, 0.002282, 0.999440, 0.033397, 0.035633, -0.033457, 0.998805, 54.206635, 25.000000
2012-11-26 15:08:27.283, 1.830672, 0.029434, -0.034149, -1.010849, 0.999363, -0.001150, -0.035657, 0.002375, 0.999408, 0.034328, 0.035596, -0.034391, 0.998774, 54.206635, 25.000000
2012-11-26 15:08:27.314, 1.862676, 0.022720, -0.028381, -1.009949, 0.999359, -0.000650, -0.035805, 0.001908, 0.999382, 0.035098, 0.035760, -0.035143, 0.998742, 54.206635, 25.000000
2012-11-26 15:08:27.346, 1.894502, 0.028763, -0.015518, -1.005920, 0.999359, -0.000650, -0.035805, 0.001908, 0.999382, 0.035098, 0.035760, -0.035143, 0.998742, 54.206635, 25.000000
2012-11-26 15:08:27.378, 1.926591, 0.026413, -0.028244, -0.990143, 0.999382, 0.000023, -0.035145, 0.001183, 0.999410, 0.034314, 0.035125, -0.034334, 0.998793, 54.206635, 25.000000
2012-11-26 15:08:27.411, 1.958837, 0.026108, -0.039978, -0.982239, 0.999422, -0.000632, -0.033999, 0.001768, 0.999440, 0.033401, 0.033959, -0.033442, 0.998864, 54.206635, 25.000000
2012-11-26 15:08:27.442, 1.990078, 0.020462, -0.039169, -1.001083, 0.999422, -0.000632, -0.033999, 0.001768, 0.999440, 0.033401, 0.033959, -0.033442, 0.998864, 54.206635, 25.000000
2012-11-26 15:08:27.474, 2.022194, 0.026825, -0.031342, -1.036591, 0.999427, -0.001266, -0.033823, 0.002391, 0.999444, 0.033251, 0.033762, -0.033313, 0.998875, 54.206635, 25.000000
2012-11-26 15:08:27.507, 2.054775, 0.048050, -0.037766, -1.024399, 0.999435, -0.002013, -0.033542, 0.003094, 0.999476, 0.032214, 0.033459, -0.032299, 0.998918, 54.206635, 25.000000
2012-11-26 15:08:27.538, 2.086268, 0.048965, -0.043640, -1.031311, 0.999435, -0.002013, -0.033542, 0.003094, 0.999476, 0.032214, 0.033459, -0.032299, 0.998918, 54.206635, 25.000000
2012-11-26 15:08:27.570, 2.117928, 0.047806, -0.042587, -1.009583, 0.999398, -0.002981, -0.034574, 0.004115, 0.999454, 0.032795, 0.034457, -0.032918, 0.998864, 54.206635, 25.000000
2012-11-26 15:08:27.601, 2.149647, 0.032898, -0.040817, -0.979156, 0.999349, -0.003671, -0.035902, 0.004948, 0.999356, 0.035546, 0.035749, -0.035700, 0.998723, 54.206635, 25.000000
2012-11-26 15:08:27.632, 2.180027, 0.021698, -0.023483, -0.998108, 0.999349, -0.003671, -0.035902, 0.004948, 0.999356, 0.035546, 0.035749, -0.035700, 0.998723, 54.206635, 25.000000
2012-11-26 15:08:27.664, 2.212403, 0.028564, -0.027298, -1.008896, 0.999354, -0.002860, -0.035813, 0.004150, 0.999343, 0.036001, 0.035686, -0.036126, 0.998710, 54.206635, 25.000000
2012-11-26 15:08:27.695, 2.243282, 0.035324, -0.036987, -1.018661, 0.999346, -0.001744, -0.036116, 0.003011, 0.999381, 0.035058, 0.036033, -0.035144, 0.998733, 54.206635, 25.000000
2012-11-26 15:08:27.729, 2.276959, 0.029449, -0.032181, -1.007889, 0.999330, -0.001466, -0.036570, 0.002718, 0.999412, 0.034194, 0.036499, -0.034271, 0.998746, 54.206635, 25.000000
2012-11-26 15:08:27.761, 2.308873, 0.027557, -0.030273, -1.011856, 0.999327, -0.001081, -0.036666, 0.002310, 0.999437, 0.033467, 0.036610, -0.033529, 0.998767, 54.206635, 25.000000
2012-11-26 15:08:27.793, 2.341393, 0.019852, -0.026505, -1.012970, 0.999330, -0.000418, -0.036591, 0.001657, 0.999426, 0.033845, 0.036556, -0.033883, 0.998757, 54.206635, 25.000000
2012-11-26 15:08:27.825, 2.372986, 0.028854, -0.016556, -1.015793, 0.999349, 0.000181, -0.036080, 0.001015, 0.999451, 0.033128, 0.036067, -0.033143, 0.998800, 54.206635, 25.000000
2012-11-26 15:08:27.857, 2.405247, 0.028549, -0.024323, -1.000977, 0.999350, 0.000507, -0.036054, 0.000682, 0.999456, 0.032959, 0.036051, -0.032962, 0.998806, 54.206635, 25.000000
2012-11-26 15:08:27.888, 2.436606, 0.026199, -0.040009, -0.992111, 0.999355, -0.000184, -0.035906, 0.001327, 0.999493, 0.031814, 0.035882, -0.031841, 0.998849, 54.206635, 25.000000
2012-11-26 15:08:27.921, 2.469328, 0.027145, -0.044937, -0.998032, 0.999363, -0.000837, -0.035670, 0.001972, 0.999493, 0.031789, 0.035625, -0.031839, 0.998858, 54.206635, 25.000000
2012-11-26 15:08:27.954, 2.502242, 0.034546, -0.024246, -1.013733, 0.999378, -0.001680, -0.035225, 0.002828, 0.999465, 0.032571, 0.035151, -0.032650, 0.998848, 54.206635, 25.000000
2012-11-26 15:08:27.985, 2.532843, 0.032852, -0.021439, -1.034500, 0.999363, -0.001517, -0.035654, 0.002676, 0.999468, 0.032499, 0.035586, -0.032573, 0.998836, 54.206635, 25.000000
2012-11-26 15:08:28.016, 2.564546, 0.035522, -0.029175, -1.022614, 0.999350, -0.001657, -0.036023, 0.002764, 0.999525, 0.030694, 0.035955, -0.030774, 0.998879, 54.206635, 25.000000
2012-11-26 15:08:28.048, 2.596138, 0.041046, -0.034882, -1.001785, 0.999359, -0.002270, -0.035714, 0.003313, 0.999569, 0.029166, 0.035632, -0.029266, 0.998936, 54.206635, 25.000000
2012-11-26 15:08:28.079, 2.627200, 0.029358, -0.039047, -1.012833, 0.999336, -0.003554, -0.036268, 0.004658, 0.999527, 0.030383, 0.036143, -0.030532, 0.998880, 54.206635, 25.000000
2012-11-26 15:08:28.111, 2.659132, 0.030106, -0.037979, -0.988098, 0.999316, -0.004742, -0.036678, 0.005885, 0.999498, 0.031139, 0.036512, -0.031333, 0.998842, 54.206635, 25.000000
2012-11-26 15:08:28.142, 2.690648, 0.034134, -0.039902, -1.003860, 0.999311, -0.005443, -0.036713, 0.006644, 0.999444, 0.032685, 0.036515, -0.032906, 0.998791, 54.206635, 25.000000
2012-11-26 15:08:28.176, 2.723706, 0.032303, -0.037018, -1.009811, 0.999297, -0.005556, -0.037086, 0.006796, 0.999418, 0.033419, 0.036879, -0.033647, 0.998753, 54.206635, 25.000000
2012-11-26 15:08:28.207, 2.755074, 0.041000, -0.040771, -1.007721, 0.999287, -0.005526, -0.037341, 0.006780, 0.999414, 0.033551, 0.037133, -0.033780, 0.998739, 54.206635, 25.000000
2012-11-26 15:08:28.238, 2.786366, 0.022812, -0.023499, -1.009949, 0.999319, -0.004658, -0.036596, 0.005872, 0.999434, 0.033130, 0.036421, -0.033322, 0.998781, 54.206635, 25.000000
2012-11-26 15:08:28.270, 2.818118, 0.022629, -0.021454, -0.987228, 0.999350, -0.003263, -0.035911, 0.004430, 0.999463, 0.032457, 0.035786, -0.032594, 0.998828, 54.206635, 25.000000
2012-11-26 15:08:28.302, 2.849820, 0.026001, -0.005768, -1.002975, 0.999392, -0.002854, -0.034753, 0.003965, 0.999482, 0.031932, 0.034643, -0.032050, 0.998886, 54.206635, 25.000000
2012-11-26 15:08:28.333, 2.881084, 0.018188, -0.011826, -1.014969, 0.999411, -0.003094, -0.034171, 0.004135, 0.999529, 0.030408, 0.034061, -0.030532, 0.998953, 54.206635, 25.000000
2012-11-26 15:08:28.365, 2.913241, 0.035767, -0.044708, -0.981110, 0.999459, -0.004381, -0.032600, 0.005274, 0.999612, 0.027358, 0.032467, -0.027515, 0.999094, 54.206635, 25.000000
2012-11-26 15:08:28.397, 2.945595, 0.036804, -0.051590, -0.999863, 0.999453, -0.006251, -0.032463, 0.007156, 0.999587, 0.027823, 0.032276, -0.028040, 0.999086, 54.206635, 25.000000
2012-11-26 15:08:28.430, 2.977676, 0.035400, -0.039001, -1.031509, 0.999453, -0.006251, -0.032463, 0.007156, 0.999587, 0.027823, 0.032276, -0.028040, 0.999086, 54.206635, 25.000000
2012-11-26 15:08:28.460, 3.008370, 0.031525, -0.034164, -1.024643, 0.999442, -0.006503, -0.032761, 0.007402, 0.999598, 0.027382, 0.032570, -0.027609, 0.999088, 54.206635, 25.000000
2012-11-26 15:08:28.493, 3.040606, 0.030670, -0.029282, -1.026642, 0.999455, -0.006247, -0.032427, 0.007130, 0.999605, 0.027181, 0.032244, -0.027397, 0.999104, 54.206635, 25.000000
2012-11-26 15:08:28.524, 3.071992, 0.029663, -0.029282, -1.023697, 0.999455, -0.006247, -0.032427, 0.007130, 0.999605, 0.027181, 0.032244, -0.027397, 0.999104, 54.206635, 25.000000
2012-11-26 15:08:28.574, 3.121711, 0.034241, -0.030075, -0.995956, 0.999467, -0.006101, -0.032078, 0.006952, 0.999625, 0.026480, 0.031904, -0.026689, 0.999135, 54.206635, 25.000000
2012-11-26 15:08:28.588, 3.136516, 0.023758, -0.024445, -1.009933, 0.999493, -0.005888, -0.031293, 0.006743, 0.999605, 0.027282, 0.031120, -0.027479, 0.999138, 54.206635, 25.000000
2012-11-26 15:08:28.619, 3.166990, 0.025803, -0.015564, -1.002975, 0.999493, -0.005888, -0.031293, 0.006743, 0.999605, 0.027282, 0.031120, -0.027479, 0.999138, 54.206635, 25.000000
2012-11-26 15:08:28.650, 3.198564, 0.029648, -0.021393, -1.006882, 0.999519, -0.005302, -0.030554, 0.006130, 0.999615, 0.027044, 0.030399, -0.027219, 0.999167, 54.206635, 25.000000
2012-11-26 15:08:28.683, 3.230797, 0.032364, -0.028168, -0.998947, 0.999506, -0.004928, -0.031036, 0.005766, 0.999619, 0.026978, 0.030891, -0.027144, 0.999154, 54.206635, 25.000000
2012-11-26 15:08:28.714, 3.262523, 0.025482, -0.029266, -0.996078, 0.999511, -0.005185, -0.030844, 0.005982, 0.999649, 0.025795, 0.030699, -0.025967, 0.999191, 54.206635, 25.000000
2012-11-26 15:08:28.746, 3.294591, 0.025192, -0.037048, -0.982239, 0.999494, -0.005277, -0.031357, 0.006084, 0.999651, 0.025687, 0.031210, -0.025865, 0.999178, 54.206635, 25.000000
2012-11-26 15:08:28.778, 3.326016, 0.010895, -0.023666, -0.991348, 0.999502, -0.004858, -0.031192, 0.005652, 0.999661, 0.025408, 0.031058, -0.025572, 0.999190, 54.206635, 25.000000
2012-11-26 15:08:28.810, 3.357565, 0.015228, -0.013855, -1.015015, 0.999518, -0.004158, -0.030765, 0.004920, 0.999682, 0.024740, 0.030652, -0.024879, 0.999220, 54.206635, 25.000000
2012-11-26 15:08:28.842, 3.390078, 0.010880, -0.036484, -1.015060, 0.999532, -0.003536, -0.030397, 0.004224, 0.999736, 0.022586, 0.030309, -0.022704, 0.999283, 54.206635, 25.000000
2012-11-26 15:08:28.874, 3.421824, 0.015991, -0.048950, -0.965576, 0.999544, -0.003803, -0.029963, 0.004409, 0.999786, 0.020195, 0.029879, -0.020318, 0.999347, 54.206635, 25.000000
2012-11-26 15:08:28.905, 3.453486, -0.006668, -0.030899, -1.003448, 0.999602, -0.004850, -0.027774, 0.005411, 0.999782, 0.020174, 0.027670, -0.020317, 0.999411, 54.206635, 25.000000
2012-11-26 15:08:28.937, 3.485523, -0.006775, -0.034805, -0.999512, 0.999641, -0.004838, -0.026366, 0.005362, 0.999789, 0.019840, 0.026264, -0.019975, 0.999455, 54.206635, 25.000000
2012-11-26 15:08:28.969, 3.517048, -0.021530, -0.033066, -0.983902, 0.999697, -0.003987, -0.024307, 0.004431, 0.999824, 0.018227, 0.024230, -0.018329, 0.999538, 54.206635, 25.000000
2012-11-26 15:08:29.001, 3.549006, -0.005112, -0.039597, -0.979706, 0.999741, -0.002448, -0.022641, 0.002866, 0.999826, 0.018439, 0.022592, -0.018499, 0.999574, 54.206635, 25.000000
2012-11-26 15:08:29.033, 3.580974, -0.002716, -0.034775, -1.014267, 0.999812, -0.000847, -0.019377, 0.001178, 0.999853, 0.017079, 0.019360, -0.017098, 0.999666, 54.206635, 25.000000
2012-11-26 15:08:29.065, 3.613230, 0.022552, -0.039185, -1.014893, 0.999881, 0.001005, -0.015404, -0.000835, 0.999939, 0.011028, 0.015415, -0.011014, 0.999821, 54.206635, 25.000000
2012-11-26 15:08:29.098, 3.645888, 0.030167, -0.049820, -1.016769, 0.999902, 0.002690, -0.013706, -0.002590, 0.999970, 0.007277, 0.013725, -0.007241, 0.999880, 54.206635, 25.000000
2012-11-26 15:08:29.130, 3.677953, 0.007385, -0.035690, -1.051682, 0.999898, 0.004207, -0.013665, -0.004135, 0.999978, 0.005279, 0.013687, -0.005221, 0.999893, 54.206635, 25.000000
2012-11-26 15:08:29.160, 3.708567, 0.022568, -0.052017, -1.040588, 0.999902, 0.006115, -0.012597, -0.006092, 0.999980, 0.001866, 0.012608, -0.001790, 0.999919, 54.206635, 25.000000
2012-11-26 15:08:29.193, 3.741038, -0.014938, -0.024338, -1.040146, 0.999906, 0.008499, -0.010748, -0.008514, 0.999963, -0.001322, 0.010736, 0.001413, 0.999941, 54.206635, 25.000000
2012-11-26 15:08:29.224, 3.772547, -0.051804, -0.014267, -1.042648, 0.999840, 0.014066, -0.011035, -0.014086, 0.999899, -0.001710, 0.011010, 0.001865, 0.999938, 54.206635, 25.000000
2012-11-26 15:08:29.256, 3.804475, -0.042511, -0.021805, -1.010895, 0.999699, 0.021240, -0.012275, -0.021216, 0.999773, 0.002017, 0.012316, -0.001756, 0.999923, 54.206635, 25.000000
2012-11-26 15:08:29.289, 3.836647, -0.038376, -0.008987, -1.007858, 0.999566, 0.026803, -0.012246, -0.026706, 0.999611, 0.008047, 0.012457, -0.007716, 0.999893, 54.206635, 25.000000
2012-11-26 15:08:29.321, 3.868941, -0.031738, -0.013733, -0.998886, 0.999418, 0.032139, -0.011445, -0.031987, 0.999401, 0.013231, 0.011863, -0.012857, 0.999847, 54.206635, 25.000000
2012-11-26 15:08:29.352, 3.900227, -0.012650, -0.022079, -0.971924, 0.999272, 0.036986, -0.009365, -0.036837, 0.999199, 0.015648, 0.009936, -0.015292, 0.999834, 54.206635, 25.000000
2012-11-26 15:08:29.384, 3.931771, 0.000946, -0.022781, -0.965790, 0.999163, 0.040826, -0.002648, -0.040779, 0.999041, 0.015945, 0.003296, -0.015824, 0.999869, 54.206635, 25.000000
2012-11-26 15:08:29.415, 3.963492, 0.021057, -0.014709, -1.010971, 0.998959, 0.045507, 0.003200, -0.045549, 0.998854, 0.014685, -0.002528, -0.014816, 0.999887, 54.206635, 25.000000
2012-11-26 15:08:29.448, 3.996099, 0.043015, -0.023972, -0.981995, 0.998762, 0.049017, 0.008514, -0.049120, 0.998717, 0.012340, -0.007899, -0.012743, 0.999888, 54.206635, 25.000000
2012-11-26 15:08:29.480, 4.027579, 0.018219, -0.024323, -0.943802, 0.998629, 0.050762, 0.012816, -0.050926, 0.998620, 0.012816, -0.012148, -0.013451, 0.999836, 54.206635, 25.000000
2012-11-26 15:08:29.512, 4.059975, 0.044662, -0.027786, -0.960220, 0.998629, 0.050762, 0.012816, -0.050926, 0.998620, 0.012816, -0.012148, -0.013451, 0.999836, 54.206635, 25.000000
2012-11-26 15:08:29.544, 4.092273, 0.059280, -0.003174, -1.005478, 0.998532, 0.052389, 0.013771, -0.052581, 0.998518, 0.014007, -0.013017, -0.014711, 0.999807, 54.206635, 25.000000
2012-11-26 15:08:29.577, 4.124858, 0.092285, -0.002838, -1.084061, 0.998610, 0.052176, 0.007501, -0.052240, 0.998598, 0.008561, -0.007043, -0.008941, 0.999935, 54.206635, 25.000000
2012-11-26 15:08:29.608, 4.156385, 0.084793, -0.035309, -1.083160, 0.998610, 0.052176, 0.007501, -0.052240, 0.998598, 0.008561, -0.007043, -0.008941, 0.999935, 54.206635, 25.000000
2012-11-26 15:08:29.639, 4.187472, 0.069000, -0.074661, -1.045822, 0.999011, 0.044446, 0.001393, -0.044428, 0.998952, -0.011012, -0.001881, 0.010940, 0.999938, 54.206635, 25.000000
2012-11-26 15:08:29.670, 4.218530, 0.040405, -0.094498, -0.959274, 0.999151, 0.041162, -0.001895, -0.041181, 0.999081, -0.011847, 0.001406, 0.011915, 0.999928, 54.206635, 25.000000
2012-11-26 15:08:29.703, 4.250964, 0.052078, -0.093277, -0.951187, 0.999151, 0.041162, -0.001895, -0.041181, 0.999081, -0.011847, 0.001406, 0.011915, 0.999928, 54.206635, 25.000000
2012-11-26 15:08:29.734, 4.282349, 0.022644, -0.054672, -0.957565, 0.999145, 0.040676, -0.007454, -0.040715, 0.999157, -0.005163, 0.007238, 0.005462, 0.999959, 54.206635, 25.000000
2012-11-26 15:08:29.767, 4.314702, 0.020386, -0.035202, -0.986267, 0.999045, 0.042901, -0.008265, -0.042949, 0.999061, -0.005742, 0.008010, 0.006091, 0.999949, 54.206635, 25.000000
2012-11-26 15:08:29.799, 4.346809, 0.048981, -0.063019, -0.971024, 0.999045, 0.042901, -0.008265, -0.042949, 0.999061, -0.005742, 0.008010, 0.006091, 0.999949, 54.206635, 25.000000
2012-11-26 15:08:29.831, 4.379170, 0.052460, -0.049347, -1.001617, 0.999070, 0.042326, -0.008194, -0.042381, 0.999079, -0.006658, 0.007905, 0.006999, 0.999944, 54.206635, 25.000000
2012-11-26 15:08:29.863, 4.411051, 0.031372, -0.044968, -1.029587, 0.999141, 0.040383, -0.009349, -0.040447, 0.999159, -0.006736, 0.009069, 0.007109, 0.999934, 54.206635, 25.000000
2012-11-26 15:08:29.894, 4.441722, 0.026657, -0.088181, -1.033585, 0.999165, 0.038756, -0.012956, -0.038839, 0.999226, -0.006212, 0.012706, 0.006710, 0.999897, 54.206635, 25.000000
2012-11-26 15:08:29.926, 4.473870, 0.034256, -0.105713, -1.048264, 0.999285, 0.035207, -0.013793, -0.035296, 0.999357, -0.006270, 0.013563, 0.006753, 0.999885, 54.206635, 25.000000
2012-11-26 15:08:29.958, 4.506111, 0.027725, -0.094101, -1.055313, 0.999513, 0.029226, -0.010924, -0.029317, 0.999536, -0.008219, 0.010678, 0.008535, 0.999907, 54.206635, 25.000000
2012-11-26 15:08:29.991, 4.539092, 0.021515, -0.078659, -1.085037, 0.999643, 0.024440, -0.010810, -0.024478, 0.999695, -0.003406, 0.010724, 0.003670, 0.999936, 54.206635, 25.000000
2012-11-26 15:08:30.023, 4.571082, 0.076080, -0.088409, -1.096115, 0.999752, 0.020470, -0.008782, -0.020460, 0.999790, 0.001237, 0.008805, -0.001057, 0.999961, 54.206635, 25.000000
2012-11-26 15:08:30.055, 4.603330, 0.095856, -0.105530, -1.058273, 0.999888, 0.014489, -0.003743, -0.014477, 0.999890, 0.003102, 0.003788, -0.003047, 0.999988, 54.206635, 25.000000
2012-11-26 15:08:30.087, 4.635022, 0.084625, -0.078644, -1.152313, 0.999964, 0.008271, -0.001665, -0.008250, 0.999890, 0.012324, 0.001767, -0.012310, 0.999923, 54.206635, 25.000000
2012-11-26 15:08:30.118, 4.665859, 0.056244, -0.036118, -1.156708, 0.999990, 0.004242, -0.001624, -0.004213, 0.999839, 0.017456, 0.001697, -0.017449, 0.999846, 54.206635, 25.000000
2012-11-26 15:08:30.150, 4.697811, 0.023621, 0.085663, -1.168121, 0.999988, 0.004640, -0.001252, -0.004614, 0.999789, 0.020018, 0.001345, -0.020012, 0.999799, 54.206635, 25.000000
2012-11-26 15:08:30.182, 4.730024, -0.008347, 0.173080, -1.212097, 0.999939, 0.010328, -0.004030, -0.010225, 0.999640, 0.024787, 0.004284, -0.024744, 0.999685, 54.206635, 25.000000
2012-11-26 15:08:30.215, 4.762771, -0.024826, 0.116531, -1.042343, 0.999826, 0.017822, -0.005527, -0.017673, 0.999505, 0.026017, 0.005988, -0.025915, 0.999646, 54.206635, 25.000000
2012-11-26 15:08:30.246, 4.794415, -0.030502, -0.065704, -0.739929, 0.999807, 0.019443, -0.002817, -0.019338, 0.999258, 0.033304, 0.003463, -0.033243, 0.999441, 54.206635, 25.000000
2012-11-26 15:08:30.278, 4.826077, -0.035950, -0.055084, -0.758774, 0.999866, 0.016256, 0.001735, -0.016322, 0.998628, 0.049755, -0.000924, -0.049776, 0.998760, 54.206635, 25.000000
2012-11-26 15:08:30.310, 4.858376, -0.129044, 0.042465, -0.918274, 0.999826, 0.018359, 0.003293, -0.018524, 0.998021, 0.060092, -0.002183, -0.060142, 0.998187, 54.206635, 25.000000
2012-11-26 15:08:30.342, 4.890243, -0.111877, 0.101440, -0.957626, 0.999585, 0.028480, 0.004243, -0.028670, 0.998076, 0.054984, -0.002669, -0.055083, 0.998478, 54.206635, 25.000000
2012-11-26 15:08:30.374, 4.921848, -0.112411, 0.157166, -0.989273, 0.999227, 0.039223, 0.002569, -0.039301, 0.998073, 0.048008, -0.000681, -0.048072, 0.998844, 54.206635, 25.000000
2012-11-26 15:08:30.405, 4.953661, -0.113724, 0.113861, -1.039658, 0.998870, 0.047508, 0.001126, -0.047518, 0.998250, 0.035202, 0.000548, -0.035216, 0.999380, 54.206635, 25.000000
2012-11-26 15:08:30.439, 4.986722, -0.027176, -0.063141, -0.870316, 0.998839, 0.048096, 0.002776, -0.048137, 0.998695, 0.017068, -0.001952, -0.017181, 0.999851, 54.206635, 25.000000
2012-11-26 15:08:30.471, 5.018920, -0.002319, -0.124298, -0.842255, 0.999255, 0.038337, 0.004438, -0.038393, 0.999174, 0.013307, -0.003925, -0.013467, 0.999902, 54.206635, 25.000000
2012-11-26 15:08:30.502, 5.050280, 0.013458, -0.124420, -0.956665, 0.999595, 0.028430, 0.001030, -0.028441, 0.999521, 0.012160, -0.000683, -0.012184, 0.999926, 54.206635, 25.000000
2012-11-26 15:08:30.534, 5.081973, 0.031799, -0.097672, -0.982117, 0.999721, 0.023204, -0.004467, -0.023177, 0.999713, 0.006028, 0.004606, -0.005923, 0.999972, 54.206635, 25.000000
2012-11-26 15:08:30.566, 5.114375, -0.049026, -0.066101, -1.030716, 0.999728, 0.022029, -0.007701, -0.022015, 0.999756, 0.001813, 0.007739, -0.001643, 0.999969, 54.206635, 25.000000
2012-11-26 15:08:30.598, 5.145747, -0.060654, -0.083771, -0.976517, 0.999675, 0.024530, -0.006952, -0.024546, 0.999696, -0.002255, 0.006894, 0.002425, 0.999973, 54.206635, 25.000000
2012-11-26 15:08:30.629, 5.177615, -0.039352, -0.105011, -1.002884, 0.999654, 0.025831, -0.005008, -0.025835, 0.999666, -0.000705, 0.004988, 0.000834, 0.999987, 54.206635, 25.000000
2012-11-26 15:08:30.662, 5.210236, -0.067093, -0.085999, -1.020111, 0.999609, 0.027407, -0.005584, -0.027385, 0.999617, 0.003943, 0.005690, -0.003788, 0.999977, 54.206635, 25.000000
2012-11-26 15:08:30.694, 5.241645, -0.022934, -0.105606, -0.985855, 0.999609, 0.027407, -0.005584, -0.027385, 0.999617, 0.003943, 0.005690, -0.003788, 0.999977, 54.206635, 25.000000
2012-11-26 15:08:30.726, 5.274183, -0.069061, -0.046265, -1.134781, 0.999565, 0.028899, -0.005827, -0.028719, 0.999170, 0.028904, 0.006658, -0.028724, 0.999565, 54.206635, 25.000000
2012-11-26 15:08:30.757, 5.305071, -0.094223, -0.024139, -1.111435, 0.999486, 0.031112, -0.007743, -0.030874, 0.999100, 0.029098, 0.008642, -0.028844, 0.999547, 54.206635, 25.000000
2012-11-26 15:08:30.789, 5.337433, -0.011780, 0.113358, -1.181503, 0.999486, 0.031112, -0.007743, -0.030874, 0.999100, 0.029098, 0.008642, -0.028844, 0.999547, 54.206635, 25.000000
2012-11-26 15:08:30.822, 5.369700, 0.106293, 0.141571, -1.322113, 0.999350, 0.031699, -0.017178, -0.031225, 0.999142, 0.027196, 0.018026, -0.026641, 0.999483, 54.206635, 25.000000
2012-11-26 15:08:30.854, 5.402268, 0.112198, 0.150894, -1.210358, 0.999474, 0.027022, -0.017914, -0.026696, 0.999478, 0.018198, 0.018396, -0.017710, 0.999674, 54.206635, 25.000000
2012-11-26 15:08:30.887, 5.434989, 0.141922, 0.091537, -0.983612, 0.999474, 0.027022, -0.017914, -0.026696, 0.999478, 0.018198, 0.018396, -0.017710, 0.999674, 54.206635, 25.000000
2012-11-26 15:08:30.919, 5.467116, 0.121246, 0.143127, -0.964157, 0.999559, 0.028128, -0.009523, -0.027820, 0.999132, 0.031004, 0.010387, -0.030725, 0.999474, 54.206635, 25.000000
2012-11-26 15:08:30.950, 5.498640, 0.118576, 0.136093, -1.000763, 0.999312, 0.036598, -0.006020, -0.036394, 0.998853, 0.031116, 0.007152, -0.030876, 0.999498, 54.206635, 25.000000
2012-11-26 15:08:30.982, 5.530533, 0.118423, 0.034866, -1.085693, 0.999312, 0.036598, -0.006020, -0.036394, 0.998853, 0.031116, 0.007152, -0.030876, 0.999498, 54.206635, 25.000000
2012-11-26 15:08:31.014, 5.562421, 0.074982, -0.030182, -0.970673, 0.999068, 0.042748, -0.005955, -0.042595, 0.998810, 0.023770, 0.006964, -0.023494, 0.999700, 54.206635, 25.000000
2012-11-26 15:08:31.046, 5.594084, 0.043411, -0.058945, -0.895004, 0.998430, 0.054293, -0.013783, -0.054000, 0.998324, 0.020803, 0.014890, -0.020026, 0.999689, 54.206635, 25.000000
2012-11-26 15:08:31.078, 5.625834, 0.005508, -0.049500, -0.796738, 0.998430, 0.054293, -0.013783, -0.054000, 0.998324, 0.020803, 0.014890, -0.020026, 0.999689, 55.206635, 25.000000
2012-11-26 15:08:31.109, 5.656733, -0.014099, -0.029144, -0.746628, 0.997969, 0.062937, -0.009849, -0.062659, 0.997687, 0.026360, 0.011485, -0.025689, 0.999604, 55.206635, 25.000000
2012-11-26 15:08:31.140, 5.688306, -0.037628, 0.048294, -0.875488, 0.997314, 0.073213, -0.002291, -0.073110, 0.996865, 0.030248, 0.004499, -0.029999, 0.999540, 55.206635, 25.000000
2012-11-26 15:08:31.172, 5.720510, -0.031128, 0.030441, -0.972229, 0.996351, 0.085281, 0.003532, -0.085347, 0.995961, 0.027871, -0.001141, -0.028071, 0.999605, 55.206635, 25.000000
2012-11-26 15:08:31.204, 5.752333, 0.035751, -0.043045, -1.072998, 0.995518, 0.094486, 0.004035, -0.094545, 0.995348, 0.018535, -0.002265, -0.018833, 0.999820, 55.206635, 25.000000
2012-11-26 15:08:31.237, 5.784929, 0.026627, -0.049393, -1.149231, 0.995453, 0.095236, 0.001588, -0.095246, 0.995416, 0.008731, -0.000749, -0.008843, 0.999961, 55.206635, 25.000000
2012-11-26 15:08:31.269, 5.816972, -0.019806, -0.049774, -1.284286, 0.995781, 0.091742, -0.001827, -0.091740, 0.995782, 0.001221, 0.001931, -0.001049, 0.999998, 55.206635, 25.000000
2012-11-26 15:08:31.300, 5.847870, -0.084503, 0.030228, -1.291183, 0.996168, 0.087401, -0.003290, -0.087416, 0.996162, -0.004521, 0.002882, 0.004792, 0.999984, 55.206635, 25.000000
2012-11-26 15:08:31.333, 5.881369, 0.028061, 0.086227, -1.314301, 0.996610, 0.082266, -0.000296, -0.082267, 0.996597, -0.005167, -0.000130, 0.005174, 0.999987, 55.206635, 25.000000
2012-11-26 15:08:31.365, 5.913259, 0.026825, 0.193420, -1.468567, 0.997235, 0.074285, -0.001798, -0.074284, 0.997237, 0.000456, 0.001826, -0.000321, 0.999998, 55.206635, 25.000000
2012-11-26 15:08:31.397, 5.945285, 0.020050, 0.165695, -1.237381, 0.997906, 0.064546, -0.004131, -0.064552, 0.997913, -0.001460, 0.004028, 0.001723, 0.999990, 55.206635, 25.000000
2012-11-26 15:08:31.429, 5.976814, 0.016296, 0.099869, -0.995300, 0.998579, 0.053140, -0.004079, -0.053157, 0.998577, -0.004378, 0.003840, 0.004589, 0.999982, 55.206635, 25.000000
2012-11-26 15:08:31.461, 6.008936, -0.043411, 0.117523, -0.940826, 0.999355, 0.035226, -0.007018, -0.035163, 0.999342, 0.008930, 0.007328, -0.008678, 0.999936, 55.206635, 25.000000
2012-11-26 15:08:31.493, 6.041423, -0.088684, 0.119751, -0.897995, 0.999730, 0.021183, -0.009503, -0.021023, 0.999640, 0.016668, 0.009853, -0.016463, 0.999816, 55.206635, 25.000000
2012-11-26 15:08:31.525, 6.073426, -0.087204, 0.135361, -0.919724, 0.999900, 0.011048, -0.008812, -0.010924, 0.999843, 0.013955, 0.008965, -0.013858, 0.999864, 55.206635, 25.000000
2012-11-26 15:08:31.558, 6.105678, -0.059952, 0.213806, -1.049820, 0.999969, 0.003423, -0.007067, -0.003361, 0.999957, 0.008670, 0.007096, -0.008646, 0.999937, 55.206635, 25.000000
2012-11-26 15:08:31.590, 6.138026, -0.063019, 0.209503, -1.140762, 0.999981, -0.001970, -0.005874, 0.001915, 0.999954, -0.009417, 0.005893, 0.009406, 0.999938, 55.206635, 25.000000
2012-11-26 15:08:31.622, 6.169878, -0.026169, 0.041687, -0.861465, 0.999920, -0.011329, -0.005644, 0.011200, 0.999684, -0.022508, 0.005897, 0.022443, 0.999731, 56.206635, 25.000000
2012-11-26 15:08:31.653, 6.200968, -0.016037, 0.001358, -0.688370, 0.999560, -0.029649, 0.000529, 0.029653, 0.999252, -0.024829, 0.000207, 0.024834, 0.999692, 57.206635, 25.000000
2012-11-26 15:08:31.684, 6.232466, -0.017853, 0.016083, -0.673584, 0.998822, -0.048429, 0.002907, 0.048467, 0.998713, -0.014942, -0.002179, 0.015065, 0.999884, 58.206635, 25.000000
2012-11-26 15:08:31.716, 6.264182, -0.002640, 0.012238, -0.736618, 0.997943, -0.063836, 0.005896, 0.063895, 0.997902, -0.010422, -0.005218, 0.010778, 0.999928, 58.206635, 25.000000
2012-11-26 15:08:31.748, 6.295937, 0.056244, -0.068909, -0.737686, 0.996860, -0.078489, 0.010503, 0.078564, 0.996885, -0.006924, -0.009926, 0.007727, 0.999921, 58.206635, 25.000000
2012-11-26 15:08:31.779, 6.327461, 0.070862, -0.057480, -0.906448, 0.995681, -0.092182, 0.011003, 0.092145, 0.995738, 0.003807, -0.011307, -0.002777, 0.999932, 59.206635, 25.000000
2012-11-26 15:08:31.811, 6.359164, 0.040253, 0.001190, -1.046295, 0.995182, -0.097850, 0.006230, 0.097758, 0.995116, 0.013687, -0.007538, -0.013012, 0.999887, 60.206635, 25.000000
2012-11-26 15:08:31.843, 6.391357, 0.013992, 0.114365, -1.315521, 0.995671, -0.092717, -0.006487, 0.092858, 0.995325, 0.026571, 0.003993, -0.027058, 0.999626, 61.206635, 25.000000
2012-11-26 15:08:31.876, 6.423732, 0.037994, 0.046249, -1.314148, 0.996343, -0.084496, -0.012652, 0.084837, 0.995961, 0.029402, 0.010116, -0.030368, 0.999488, 61.206635, 25.000000
2012-11-26 15:08:31.907, 6.455215, 0.077560, 0.073456, -1.313583, 0.996941, -0.077208, -0.012138, 0.077544, 0.996533, 0.030161, 0.009767, -0.031010, 0.999471, 62.206635, 25.000000
2012-11-26 15:08:31.939, 6.487539, 0.120239, 0.152893, -1.519562, 0.997736, -0.066086, -0.012464, 0.066323, 0.997605, 0.019634, 0.011136, -0.020416, 0.999730, 62.206635, 25.000000
2012-11-26 15:08:31.971, 6.518699, 0.063385, 0.183151, -1.242706, 0.997736, -0.066086, -0.012464, 0.066323, 0.997605, 0.019634, 0.011136, -0.020416, 0.999730, 62.206635, 25.000000
2012-11-26 15:08:32.003, 6.550756, 0.094986, 0.072601, -0.819229, 0.999351, -0.035758, -0.004295, 0.035770, 0.999356, 0.002861, 0.004190, -0.003012, 0.999987, 62.206635, 25.000000
2012-11-26 15:08:32.034, 6.582309, 0.083954, 0.075455, -0.785797, 0.999771, -0.021323, 0.001631, 0.021297, 0.999669, 0.014444, -0.001938, -0.014406, 0.999894, 62.206635, 25.000000
2012-11-26 15:08:32.067, 6.614746, 0.081955, 0.123093, -0.881714, 0.999771, -0.021323, 0.001631, 0.021297, 0.999669, 0.014444, -0.001938, -0.014406, 0.999894, 62.206635, 25.000000
2012-11-26 15:08:32.099, 6.647009, 0.014481, 0.135635, -0.843140, 0.999985, -0.004278, 0.003423, 0.004247, 0.999951, 0.008921, -0.003461, -0.008907, 0.999954, 62.206635, 25.000000
2012-11-26 15:08:32.131, 6.679068, -0.011749, 0.074615, -0.776306, 0.999591, 0.028299, -0.004138, -0.028335, 0.999559, -0.008938, 0.003883, 0.009052, 0.999951, 62.206635, 25.000000
2012-11-26 15:08:32.163, 6.710940, -0.008987, -0.003479, -0.718903, 0.999591, 0.028299, -0.004138, -0.028335, 0.999559, -0.008938, 0.003883, 0.009052, 0.999951, 62.206635, 25.000000
2012-11-26 15:08:32.195, 6.743050, 0.002487, -0.027832, -0.744431, 0.999291, 0.037423, -0.004157, -0.037483, 0.999177, -0.015496, 0.003573, 0.015640, 0.999871, 62.206635, 25.000000
2012-11-26 15:08:32.228, 6.775714, -0.003448, 0.010818, -0.853241, 0.998418, 0.056155, -0.002966, -0.056211, 0.998115, -0.024636, 0.001577, 0.024764, 0.999692, 62.206635, 25.000000
2012-11-26 15:08:32.259, 6.807400, 0.004745, -0.003937, -0.920288, 0.998418, 0.056155, -0.002966, -0.056211, 0.998115, -0.024636, 0.001577, 0.024764, 0.999692, 62.206635, 25.000000
2012-11-26 15:08:32.291, 6.839115, 0.006287, -0.022842, -1.013168, 0.997643, 0.068623, -0.000206, -0.068603, 0.997269, -0.027348, -0.001672, 0.027297, 0.999626, 62.206635, 25.000000
2012-11-26 15:08:32.323, 6.870774, 0.022018, -0.017990, -1.112747, 0.996791, 0.079972, 0.003359, -0.079865, 0.996500, -0.024665, -0.005320, 0.024318, 0.999690, 61.206635, 25.000000
2012-11-26 15:08:32.355, 6.902861, -0.004562, -0.014816, -1.179337, 0.995906, 0.090212, 0.005718, -0.090066, 0.995692, -0.022023, -0.007680, 0.021418, 0.999741, 60.206635, 25.000000
2012-11-26 15:08:32.387, 6.935237, 0.011826, -0.030563, -1.287796, 0.995051, 0.099369, 0.000035, -0.099361, 0.994976, -0.012290, -0.001256, 0.012226, 0.999924, 60.206635, 25.000000
2012-11-26 15:08:32.419, 6.967204, 0.090469, -0.063431, -1.310364, 0.994999, 0.099875, 0.001159, -0.099855, 0.994934, -0.011597, -0.002312, 0.011423, 0.999932, 60.206635, 25.000000
2012-11-26 15:08:32.451, 6.998994, 0.019516, 0.037674, -1.144440, 0.995934, 0.089851, 0.006572, -0.089761, 0.995880, -0.012855, -0.007700, 0.012213, 0.999896, 59.206635, 25.000000
